1.992000000000000000e+03 1.344718935443798955e+02 1.735301094995768835e+03 -4.734840905507719810e+01 9.872334693002575712e-01 5.475852530297985882e-03 1.038645528340483492e-03 1.225547134410424552e-02 9.814021920952382683e-01 -5.336864962349818597e+01
1.993000000000000000e+03 1.282431128347289189e+02 1.736345478959434331e+03 -4.733632988648939488e+01 9.848539870310677458e-01 -4.447448125505117263e-03 -2.243686281968288246e-02 -5.620776785984540544e-03 9.986777353180745775e-01 -5.315557293113359805e+01
1.994000000000000000e+03 1.173590896226637454e+02 1.742086153654257714e+03 -4.730705468763285637e+01 9.900819593699867749e-01 6.175250404046763245e-03 1.300875757007307655e-02 -7.787342414058916543e-03 1.032187777555958252e+00 -5.278821935212219074e+01
1.995000000000000000e+03 1.053123090276734501e+02 1.748637452382218271e+03 -4.728466574420387047e+01 9.954226449158859458e-01 1.217567741590874948e-02 2.320833026020830206e-02 1.427602189000331048e-02 1.023289257285779019e+00 -5.314235051246885178e+01
1.996000000000000000e+03 9.225159204882649533e+01 1.750675406176386787e+03 -4.726961261154816185e+01 9.758336887233258761e-01 -1.178241182603495486e-03 -2.044496824915177646e-03 2.052391886884801420e-04 9.822280098747744326e-01 -5.314843458577345103e+01
1.997000000000000000e+03 7.847300972957921772e+01 1.754572007213140978e+03 -4.723535061976280502e+01 9.539404385725607227e-01 1.526594145685591995e-04 -5.748359363631174628e-04 -1.114770930673470535e-03 1.007578571656277733e+00 -5.274780354314834341e+01
1.998000000000000000e+03 6.580782755766534819e+01 1.764600227025008280e+03 -4.721252480859594414e+01 9.709719716957569968e-01 2.293709685314923412e-03 -5.207043095637754184e-04 6.323541631867228259e-04 1.044770477275992704e+00 -5.294319308915340372e+01
1.999000000000000000e+03 5.485315217031747181e+01 1.772177400428755845e+03 -4.721304883702115518e+01 9.944967074769625048e-01 2.556064469331001399e-03 -1.769543738808032054e-03 -8.738590551977329368e-04 1.030084393487134209e+00 -5.318190691441238016e+01
2.000000000000000000e+03 4.565905981188454632e+01 1.772899150159791816e+03 -4.720848033971236646e+01 9.996833632123688362e-01 4.659327815486973522e-03 1.789088572661979345e-03 -2.839912870545717211e-04 1.008613291563078329e+00 -5.318246696973394450e+01
2.001000000000000000e+03 3.798614857171973114e+01 1.771046371738785638e+03 -4.719862043126210693e+01 9.951893528396100752e-01 3.024974858585960727e-03 6.373867211303688380e-04 9.611767469697203451e-04 1.004912931743133342e+00 -5.321921275565277654e+01
2.002000000000000000e+03 3.161859967558010709e+01 1.772638832920570849e+03 -4.719838514293562071e+01 9.813161811856028205e-01 1.398629948065386588e-03 -1.266267112508769185e-03 -5.508773280221224491e-04 1.024791731374051551e+00 -5.317276192792863299e+01
2.003000000000000000e+03 2.635162531561685739e+01 1.776843557236598599e+03 -4.719732322489944920e+01 9.907103336916556202e-01 3.931272962848119355e-03 1.039780267630058220e-03 -2.933007469835336497e-04 1.030030253553211095e+00 -5.307202073936112185e+01
2.004000000000000000e+03 2.196726056400850879e+01 1.776925546054133520e+03 -4.719396949376319839e+01 1.005480312655042230e+00 5.843626867080197775e-03 2.354815417798844252e-03 9.864875920705584635e-04 1.009451666822376081e+00 -5.331192292507547137e+01
2.005000000000000000e+03 1.834084447002422635e+01 1.773807432949171471e+03 -4.719515300018273507e+01 9.953132296813849145e-01 3.186828972716505923e-03 1.644221417792042462e-03 4.749718627244329389e-04 1.001007120717697596e+00 -5.331874872729802917e+01
2.006000000000000000e+03 1.535004256596836925e+01 1.774920442170410070e+03 -4.719773012495487308e+01 9.698039404872528246e-01 1.602772080713990100e-03 1.542242907866605769e-03 5.131451840695713329e-04 1.017059176482315808e+00 -5.316797943935402770e+01
2.007000000000000000e+03 1.287175098137368146e+01 1.780772417785293101e+03 -4.719778254071938051e+01 9.610063526590215677e-01 2.351234215252925679e-04 9.130538790372432108e-04 4.201452470987147771e-04 1.021104239508231037e+00 -5.307873816319818872e+01
2.008000000000000000e+03 1.079699407380644161e+01 1.786954993451679002e+03 -4.720633842901034427e+01 9.625444298476777405e-01 -6.644831586706729555e-04 3.125369667282809676e-05 1.551036175037670279e-04 1.020936876500309065e+00 -5.330822200546791834e+01
2.009000000000000000e+03 9.048346509005659399e+00 1.793131719849968476e+03 -4.724789093413139796e+01 9.666221605485579849e-01 -8.983677613005802611e-04 -1.397752553104061619e-03 -1.074142557773859099e-04 1.032585678791049011e+00 -5.366150794625246334e+01
2.010000000000000000e+03 7.562002767714828266e+00 1.798602176708370052e+03 -4.730019080030012191e+01 9.845411245874738926e-01 -4.303337263318490779e-04 -2.086893323328245942e-03 -6.595366236999639174e-04 1.040226475296987196e+00 -5.358736496009197481e+01
2.011000000000000000e+03 6.299085702709652956e+00 1.803349447186314592e+03 -4.733407267303002186e+01 9.920525432536352328e-01 7.091491150476179808e-04 2.506145156969674659e-03 -5.853804734817165444e-04 1.053325434642098379e+00 -5.343406484246637689e+01
2.012000000000000000e+03 5.238316416555865551e+00 1.807946289328659759e+03 -4.734903653787326050e+01 9.931459397011268564e-01 4.364047001349056088e-04 3.188910021454061713e-03 1.804915129169687568e-03 1.051840358536276332e+00 -5.331779371309153248e+01
2.013000000000000000e+03 4.360980136571392052e+00 1.813641001662614826e+03 -4.735392946890981847e+01 9.713625130108159977e-01 -2.178701646013232827e-03 -1.751379727984544998e-03 2.568199081068822621e-04 1.051003072456977216e+00 -5.326593525172440735e+01
2.014000000000000000e+03 3.638998197029585491e+00 1.822394319877105545e+03 -4.735104777116283259e+01 9.590999038264104160e-01 -1.709287672115700858e-03 -1.709287672115968222e-03 -1.139525114744126049e-03 1.059125864909045367e+00 -5.309468695461727350e+01
