1.358092840437943778e+02
1.735380725829243374e+03
1.059171095983552947e-02
9.861994324771720111e-01
9.798754839847663156e-01
9.916877901925134076e-01
1.000037846922444240e+00
9.723612857314839486e-01
9.538708659238266385e-01
9.731205418365066473e-01
9.926192957846048381e-01
1.000394081664968127e+00
9.965669031101999087e-01
9.821141923932733553e-01
9.916027121123528465e-01
1.002732525304779854e+00
9.934378833919718099e-01
9.727607766904232678e-01
9.626452134238074887e-01
9.624316086410100723e-01
9.657514944491113473e-01
9.814441997489625757e-01
9.913282793638810153e-01
9.933043934071282832e-01
9.723080852241292593e-01
9.624984880559277478e-01
6.358274307113075986e-03
-2.805674913315161969e-03
6.190470808134342431e-03
1.044366153436348567e-02
-1.222160815089264659e-03
1.156906562023814802e-04
2.159612045777224449e-03
2.478389942082246961e-03
4.258960496074365616e-03
2.538122739145555386e-03
9.399161002366753555e-04
3.534394101198354982e-03
5.654649182046801552e-03
3.040750301904153203e-03
1.210394805949312549e-03
-7.167069561081643528e-05
-6.961642500832752531e-04
-7.996906634637677936e-04
-3.557011746509800812e-04
7.098364617297186260e-04
4.853035963335904437e-04
-1.949534416178256516e-03
-1.562422345528462772e-03
-9.044204790533804782e-04
-2.051903110063011196e-02
1.282937732342258504e-02
2.181686841919142084e-02
-1.879450220026534493e-03
-6.988425737422242776e-04
-5.700697151954429954e-04
-1.333926477063314235e-03
2.008658419201051013e-03
4.736887445608885792e-04
-1.702334433941309977e-03
6.537720631068683107e-04
2.650394206238721340e-03
2.022612744913231814e-03
1.358787886332509746e-03
5.674497188764073300e-04
-8.803441610661315959e-05
-1.305213307801847107e-03
-1.974629015538434135e-03
2.276622312481183571e-03
2.990816063352007975e-03
-1.558928829795880669e-03
-1.562422345528252654e-03
1.068528580714496988e-02
-5.487192935082461226e-03
-6.832415508598406982e-03
1.334407026282100062e-02
2.059787508305642250e-04
-1.037081786587056801e-03
4.937376882829050146e-04
-7.795525394341109660e-04
-1.018937944219406200e-04
9.379286082513999673e-04
-6.391034603831100220e-04
-4.957861622440297477e-04
9.316342043153888041e-04
6.800634028226081257e-04
5.521111644320097697e-04
2.885834268459921167e-04
7.379896246219423965e-05
-1.059908585599048315e-04
-6.113210773130375473e-04
-5.640786131034908031e-04
1.665461457139448716e-03
2.627327347429149517e-04
-1.041614897018932825e-03
9.841761928207365395e-01
9.920314305007629230e-01
1.032614872490360769e+00
1.031507284133382329e+00
9.750370178146587907e-01
1.009804512674910892e+00
1.048117210456466664e+00
1.024009235811717433e+00
1.013002451463704157e+00
1.004149215454172461e+00
1.026261518905753345e+00
1.030495067121976138e+00
1.007859409876810552e+00
9.972323394390233409e-01
1.021868637500243038e+00
1.022637202227481001e+00
1.018091824672447077e+00
1.036025271705600881e+00
1.032710599028450860e+00
1.055946621224958415e+00
1.051799269572958107e+00
1.048587944960861940e+00
1.067547480271753502e+00
1.052523733986938242e-02
1.052788012135382444e-02
1.053202843119041728e-02
1.052812733699301506e-02
1.052797689188924961e-02
1.053244524733951484e-02
1.053034369658774512e-02
1.052756245501661192e-02
1.052753980734175143e-02
1.052733354468242226e-02
1.052778729337734004e-02
1.052857372961928453e-02
1.052580885931171314e-02
1.052580109680545904e-02
1.052777681632034029e-02
1.052890470306672849e-02
1.052641305288095838e-02
1.052234635863981763e-02
1.052292437943663610e-02
1.052474830300287843e-02
1.052622561478730630e-02
1.052677323446223577e-02
1.052856225547598064e-02
