1.992000000000000000e+03 1.343710026050342208e+02 1.733628475335146504e+03 -4.735678432324752407e+01 9.877868329490244736e-01 1.962216760713206276e-02 6.288202641248180104e-03 2.504394489877129204e-02 9.888272184870553483e-01 -5.344970219612099527e+01
1.993000000000000000e+03 1.281914651858145646e+02 1.736882051512215412e+03 -4.735482464041129447e+01 9.757351694242789586e-01 -7.725659849758081781e-03 -4.272243899592810534e-02 -1.013603329589748275e-02 1.004301605438874034e+00 -5.316169980723428523e+01
1.994000000000000000e+03 1.175658660782422515e+02 1.743100145858766382e+03 -4.730947939651430545e+01 9.902497389771648395e-01 5.087726824810164493e-03 2.784913642175402410e-02 -1.530056722123267730e-02 1.024913978992203711e+00 -5.253723018204048145e+01
1.995000000000000000e+03 1.052640173643347623e+02 1.748245625281293314e+03 -4.727955424013152452e+01 1.001670135933242056e+00 1.541127528281189575e-02 4.279451195008447673e-02 2.937336779791763219e-02 1.022920638629536860e+00 -5.332125584501101656e+01
1.996000000000000000e+03 9.214969021418781381e+01 1.751794145595463306e+03 -4.728649574792675736e+01 9.681260265614703986e-01 -3.361452168825064622e-03 -5.516293281225318444e-03 -1.447576902451940602e-04 9.955775775369342107e-01 -5.326173622393304186e+01
1.997000000000000000e+03 7.853604085592240835e+01 1.755928032479644571e+03 -4.724237843593104458e+01 9.638056542574027219e-01 9.605036314789552020e-04 -9.947324683853720623e-04 -2.511246971932703988e-03 1.000494182316795211e+00 -5.248544483457040144e+01
1.998000000000000000e+03 6.581385365584139890e+01 1.764415966231653101e+03 -4.719779959743475217e+01 9.829557056052438124e-01 5.604560278866445311e-03 -9.272024115238540736e-04 1.597503248195678537e-03 1.056113085203385538e+00 -5.287621576772893661e+01
1.999000000000000000e+03 5.484462601901048373e+01 1.772392230071513950e+03 -4.720336420259641130e+01 9.901709816425945387e-01 5.466568358147541780e-03 -3.285794028144906846e-03 -1.976696815864886075e-03 1.029076951716499932e+00 -5.327205483189190005e+01
2.000000000000000000e+03 4.566898360790081313e+01 1.773200567718631191e+03 -4.720635700202002738e+01 1.006303141739317786e+00 9.588543457486371421e-03 6.250987312228175122e-03 -1.985587836445029046e-04 1.012811167789421818e+00 -5.319774960605882796e+01
2.001000000000000000e+03 3.797660135415011950e+01 1.771673551739655068e+03 -4.719895226477566297e+01 1.001403917285543788e+00 5.148691759284006707e-03 5.179954035171018293e-04 2.841699422667869936e-03 1.015237757704001487e+00 -5.320027843552421842e+01
2.002000000000000000e+03 3.162453118275125163e+01 1.774547536963525772e+03 -4.720216257579279784e+01 9.809506860156436137e-01 1.353339899754334033e-04 -6.541851843123515017e-03 -2.564451948756187906e-03 1.033061325360707716e+00 -5.316968613547734890e+01
2.003000000000000000e+03 2.636183642156010976e+01 1.777538613445821511e+03 -4.719122063466429751e+01 9.952565769871294377e-01 8.616164928335430170e-03 2.016437654629123742e-03 -1.796782613325469428e-03 1.015874649878955926e+00 -5.297194880859690613e+01
2.004000000000000000e+03 2.195729546187171977e+01 1.776596293623559859e+03 -4.718922684752391206e+01 1.008159669945297265e+00 1.523626013717880104e-02 8.535470814226101335e-03 3.141074383078225601e-03 1.019696286447828726e+00 -5.345569031620755851e+01
2.005000000000000000e+03 1.833032739836475145e+01 1.775211370113296198e+03 -4.720920136469619877e+01 9.925853619810751649e-01 7.359958247617392514e-03 5.645816349377569959e-03 2.075487020908355768e-03 1.007823086326110174e+00 -5.339952372820733473e+01
2.006000000000000000e+03 1.534391108554038752e+01 1.775440593594900520e+03 -4.721093646086493578e+01 9.722434016055807593e-01 2.326588309663835900e-03 2.667288872586188499e-03 1.394757407022317484e-03 1.003226918067857021e+00 -5.315430164631129628e+01
2.007000000000000000e+03 1.286744451709424197e+01 1.781692182561615482e+03 -4.719765703352585007e+01 9.605504504296682455e-01 -5.877079777145452055e-04 4.477890797588954025e-05 3.128023793619171423e-04 1.040467409262907594e+00 -5.286446300428948319e+01
2.008000000000000000e+03 1.079820503014145849e+01 1.788940871360073743e+03 -4.719173841117907386e+01 9.606948920461418906e-01 -1.316595895943098839e-03 -8.191650544239357980e-04 -2.327490076820049113e-04 1.011944089545275816e+00 -5.321867207784891463e+01
2.009000000000000000e+03 9.052360991339437390e+00 1.794329475309298687e+03 -4.724073675933904326e+01 9.668716415788018992e-01 -1.062253989086311750e-03 -3.078968105247606706e-03 -2.506888228810912793e-04 1.034259937681442310e+00 -5.388984164080346062e+01
2.010000000000000000e+03 7.569827590405285633e+00 1.800238031472898001e+03 -4.730884095321275140e+01 9.792527399217981765e-01 -1.189801542959707104e-04 -5.653785151809631419e-03 -1.441565264494017087e-03 1.039861535819746052e+00 -5.361207115494381981e+01
2.011000000000000000e+03 6.306135248388250680e+00 1.805272875605439822e+03 -4.734358916564240616e+01 9.976772927808533753e-01 2.563765624775734588e-03 6.357731482288113238e-03 -1.862099869370000991e-03 1.058840227623040420e+00 -5.342649890475081520e+01
2.012000000000000000e+03 5.237766306101843128e+00 1.809212063223333644e+03 -4.735520408690219085e+01 1.001292055266410630e+00 2.141650509379210837e-03 9.262245803563433355e-03 4.880470019382421483e-03 1.054077483265940085e+00 -5.329691175895368360e+01
2.013000000000000000e+03 4.358902024952341137e+00 1.815438431846235744e+03 -4.736490646896551482e+01 9.688055425376267404e-01 -5.204780484582323050e-03 -4.078444967219630422e-03 1.035488413061338162e-03 1.060100397832481223e+00 -5.334048262411806007e+01
2.014000000000000000e+03 3.639750821921966306e+00 1.824424456137903462e+03 -4.736633857175809226e+01 9.581331392857371787e-01 -4.505342069449677633e-03 -4.505342069449494620e-03 -3.003561379632993956e-03 1.051666019970927346e+00 -5.311304979298003559e+01
