1.360166001800797062e+02
1.733318368882443565e+03
1.059171180451061109e-02
9.905394890824654741e-01
9.787121813366767009e-01
9.872939058003943336e-01
9.967620638799417065e-01
9.712379457210879030e-01
9.653929529287008648e-01
9.794151800533348329e-01
9.898147880431267254e-01
1.006720969192123283e+00
1.000431341407541863e+00
9.808938370604256551e-01
9.938443284830329461e-01
1.007975901622791381e+00
9.953297469274338116e-01
9.734588644512134348e-01
9.593122248519492246e-01
9.598088937346496152e-01
9.673518250628945214e-01
9.800224890040285519e-01
9.979562982245610003e-01
1.000609786136484658e+00
9.699264256303233855e-01
9.578393919668761747e-01
1.655050879108534850e-02
-9.488128928127335590e-03
7.165581600801880328e-03
1.777754290045400684e-02
-3.755840285586882574e-03
1.342170663218259126e-03
5.531113839273858572e-03
5.045708360864926793e-03
1.157595265847379158e-02
6.932010765061168665e-03
2.191425564256147549e-04
8.604729592132142127e-03
1.583948894560557874e-02
7.767993246357013729e-03
3.344608600009112490e-03
4.648270321357193379e-04
-1.237346959067254495e-03
-2.020018252740158823e-03
-1.107851470848292838e-03
2.757467568642463836e-03
2.991667483478500662e-03
-5.556813329601767611e-03
-5.098112723117251104e-03
5.537191802894028507e-03
-4.667173205906180455e-02
3.370665460594324259e-02
4.179713794389096349e-02
-6.661504643955418886e-03
5.956769129146047585e-04
-1.170876469682308402e-03
-5.714152193253043896e-03
6.916157244623281734e-03
1.807466469107518216e-03
-6.382242875777458142e-03
2.205223628001685889e-03
8.030320277935581313e-03
4.490724366069154781e-03
2.915673684956986665e-03
1.758282811325088176e-03
6.753964375984226496e-04
-3.618473550089221225e-03
-7.892165063759845958e-03
6.478728864352481520e-03
1.096593308323682431e-02
-4.282285148822598600e-03
-5.098112723116205933e-03
2.814278846659495903e-02
-1.188575330419440641e-02
-1.603712418474240869e-02
3.339911238867709214e-02
-9.495635390836274035e-04
-2.481866672967620105e-03
2.488613819668478253e-03
-2.916637549842270374e-03
-8.290260138265189913e-04
3.540696604299660953e-03
-2.399420384361806470e-03
-1.855408199490269803e-03
3.325557284824718750e-03
1.651106550231587781e-03
1.109194964455757423e-03
6.808476909905881481e-04
4.041674732989260200e-04
3.687745474683969815e-05
-1.959354523845621785e-03
-2.641671081594986793e-03
5.568658926263999297e-03
1.393570503382000154e-03
-3.398741815410662864e-03
9.912455981394545645e-01
1.006782362179160284e+00
1.021956255903832211e+00
1.015223893656988174e+00
1.001605822460283068e+00
1.012160750738224202e+00
1.035676929587693085e+00
1.034220335765990484e+00
1.017306265790998809e+00
1.015579770642566437e+00
1.024880229161466927e+00
1.023142570307400856e+00
1.013413617334239625e+00
1.009368319491755317e+00
1.016232998586482861e+00
1.023364203858741606e+00
1.022157592999979103e+00
1.028657789406104861e+00
1.044377984773005252e+00
1.055652022680479973e+00
1.057340479077617967e+00
1.057243269216580961e+00
1.055930018024258565e+00
1.052457263915027724e-02
1.052767200861364286e-02
1.053487146094066705e-02
1.052571840539243478e-02
1.052669497486187315e-02
1.053575436142021628e-02
1.053050722797969213e-02
1.052644827588464574e-02
1.052781378319416795e-02
1.052726114324394231e-02
1.052760277072397124e-02
1.053017363880116505e-02
1.052397504275291024e-02
1.052521639853428413e-02
1.052816700728739265e-02
1.053105812714468133e-02
1.052750684784790197e-02
1.051954424245118806e-02
1.052248245071558432e-02
1.052480692105742938e-02
1.052662288318496203e-02
1.052621238429055084e-02
1.052855890385775810e-02
