1.359863420739378057e+02
1.732776808870185732e+03
1.059169515423282262e-02
9.870849112280750681e-01
9.770006603954749513e-01
9.902350250026459300e-01
9.998013559437948228e-01
9.692271373854856042e-01
9.640660175730098036e-01
9.814313055774966932e-01
9.905389170330182180e-01
1.005857914664167962e+00
1.000195192175514780e+00
9.818019243369027205e-01
9.951525353452561617e-01
1.006921259167918414e+00
9.929114782909674863e-01
9.731827860733961444e-01
9.605755017932664508e-01
9.603220959149195712e-01
9.669151912669636806e-01
9.797036581528912880e-01
9.979950272733878469e-01
1.000733046821023375e+00
9.692000487818978050e-01
9.578313354191837492e-01
1.859596237908636360e-02
-8.764148900998384659e-03
5.411379777682629247e-03
1.604953671616751731e-02
-3.397561171268621578e-03
1.329183131653360580e-03
5.670863935048709413e-03
5.072268128340174861e-03
1.004546841425396804e-02
5.824641545339652969e-03
4.069767652224951524e-04
8.873367156391632343e-03
1.547709736841360213e-02
7.299862352057448142e-03
2.548964026074206513e-03
-1.276698644583198279e-04
-1.107025307233165320e-03
-1.302413956633136300e-03
-5.122669542543760836e-04
2.493197191137789138e-03
2.335418190033302158e-03
-5.309792365615457858e-03
-4.674984779094945760e-03
5.834936984985897301e-03
-4.387373487428451735e-02
3.033805146940270897e-02
4.131360421003284905e-02
-6.179049131605951657e-03
-1.568305140877822735e-04
-6.623347109708311361e-04
-4.266824809843411739e-03
6.160818728654221359e-03
8.351531017848399336e-04
-6.421954288979020084e-03
2.437172102281567800e-03
8.616713992827535265e-03
5.019916664261126274e-03
2.412631033326382603e-03
5.594978706843678658e-04
-1.310967900509146431e-04
-3.034793582532410369e-03
-6.311497393994670337e-03
6.284238785323442711e-03
9.701388287768755031e-03
-4.141046170842785888e-03
-4.674984779095192958e-03
2.619344675356670774e-02
-1.084169224833199732e-02
-1.535216931974731948e-02
3.085725415923179157e-02
-5.687496894283616345e-04
-2.523932138557952436e-03
2.091327145550007840e-03
-2.259729503698881467e-03
-5.430474859920677222e-04
3.026796431324062838e-03
-2.537392088532063918e-03
-1.743910770787869720e-03
3.368692172308621318e-03
1.934266475289314223e-03
1.166719480441399861e-03
3.603351963614196221e-04
1.041665465829806602e-05
-7.825161175347413801e-05
-1.555955287947855589e-03
-2.121367713105564053e-03
5.048688189323368575e-03
1.135123202017255389e-03
-3.116656519396495632e-03
9.907695313906341728e-01
1.006817453777949734e+00
1.024959043245553314e+00
1.016910563777230214e+00
9.958631292497591714e-01
1.010135191715913150e+00
1.045680392849980489e+00
1.034665052288778808e+00
1.009259849835409728e+00
1.015536487933118792e+00
1.030293817580799853e+00
1.022824508952656863e+00
1.013111068921437985e+00
1.006970988923264532e+00
1.014010077692488077e+00
1.027693333665708364e+00
1.020496296189314256e+00
1.027129298215476938e+00
1.046487009232301313e+00
1.056759885768842722e+00
1.054040439580159694e+00
1.057323387599159448e+00
1.058379249365706487e+00
1.052427469953624330e-02
1.052822395457906832e-02
1.053520448299604013e-02
1.052542014445089109e-02
1.052626289629718902e-02
1.053564619930014157e-02
1.053129393072313631e-02
1.052665605042397805e-02
1.052698913763906383e-02
1.052689425457104151e-02
1.052791040489252199e-02
1.053036147900682749e-02
1.052434669917253797e-02
1.052526212154207899e-02
1.052814129484192819e-02
1.053083819487538042e-02
1.052694283782779940e-02
1.051964304239201391e-02
1.052295330444848881e-02
1.052506024637256572e-02
1.052631685705592186e-02
1.052597880694882380e-02
1.052849974587935153e-02
