1.992000000000000000e+03 1.344446156190807926e+02 1.735260664560645182e+03 -4.735156459024414488e+01 9.901313908121009977e-01 3.590125894308585086e-03 -3.467911029864033292e-03 1.146737559424980228e-02 9.826890510929248146e-01 -5.341822792597006497e+01
1.993000000000000000e+03 1.282376473422176844e+02 1.736359458044409621e+03 -4.734307416527394707e+01 9.859839890022401576e-01 -4.216195456209009644e-03 -2.353114997336585093e-02 -6.698104861205247604e-03 1.001223014041052295e+00 -5.316629493425284636e+01
1.994000000000000000e+03 1.173539125457313332e+02 1.742272880873067834e+03 -4.731350394610100807e+01 9.832153696744608817e-01 8.552234240595445180e-03 1.617330052376557067e-02 -7.497267955776360134e-03 1.026587726189845506e+00 -5.278518793937215037e+01
1.995000000000000000e+03 1.053270196486226098e+02 1.748493774562994076e+03 -4.728660448439603670e+01 9.908991890911588163e-01 1.359439989892338371e-02 2.634504539335337514e-02 1.585422284629557990e-02 1.016200933747656521e+00 -5.311676960030287376e+01
1.996000000000000000e+03 9.226106389559511456e+01 1.750482315289253620e+03 -4.726800586171386698e+01 9.795074868475676100e-01 -1.494337575093967335e-03 -2.553717346225039143e-03 2.932479218392877447e-04 9.878082531800046473e-01 -5.311856958691918607e+01
1.997000000000000000e+03 7.846725124959679931e+01 1.754687836406494398e+03 -4.723287141460252769e+01 9.553213603397470166e-01 -1.260306739245703217e-04 -1.259622643254088839e-03 -1.418648710924145726e-03 1.009234617728802963e+00 -5.273305420129492660e+01
1.998000000000000000e+03 6.580842570832700744e+01 1.764523418525086527e+03 -4.720825506242931624e+01 9.699839526375121368e-01 2.502008738425400263e-03 -3.175010341467574514e-04 5.004053285847688678e-04 1.041691381651031811e+00 -5.293212312994211288e+01
1.999000000000000000e+03 5.485509848691828694e+01 1.772066912117109723e+03 -4.720821858106594249e+01 9.948671975051922578e-01 2.791361893061532293e-03 -1.285268259969442675e-03 -6.352805324131562082e-04 1.032120084774431845e+00 -5.317647976844030921e+01
2.000000000000000000e+03 4.565588518097023751e+01 1.773025548079494683e+03 -4.720488666796918409e+01 1.000271372721748930e+00 4.404895115699446369e-03 1.605332997380939236e-03 -2.057389046451342355e-04 1.009694129392824991e+00 -5.318506197416750325e+01
2.001000000000000000e+03 3.797647534444268302e+01 1.771129443459691629e+03 -4.719573703941804155e+01 9.967022405666653428e-01 2.795754876700306223e-03 5.412279674346801364e-04 8.305070965616929632e-04 1.005376707717595020e+00 -5.322067621079617794e+01
2.002000000000000000e+03 3.161239984026900984e+01 1.772601937799308644e+03 -4.719580488230135273e+01 9.788657646540642743e-01 1.420376505225832845e-03 -8.701215905985522272e-04 -4.824981366495668120e-04 1.022392801405169971e+00 -5.317931892821170692e+01
2.003000000000000000e+03 2.635834156395221939e+01 1.776789585745984823e+03 -4.719628656070518247e+01 9.885099012849708489e-01 3.809618115773008226e-03 1.211917003849547489e-03 -9.758292375022647330e-05 1.028203329822400480e+00 -5.309623828590326156e+01
2.004000000000000000e+03 2.197490550868633363e+01 1.776937657376464358e+03 -4.719620473985719400e+01 1.008430817501320576e+00 5.405224769018220771e-03 1.863187014683561965e-03 9.055275929832284302e-04 1.012520854565992501e+00 -5.333722277559704850e+01
2.005000000000000000e+03 1.834012328908147538e+01 1.773885598512805245e+03 -4.720040209139131093e+01 9.982480935605143602e-01 3.010303167191931938e-03 1.278920079591137730e-03 2.740436431810954789e-04 1.003695400410194782e+00 -5.333594838129285165e+01
2.006000000000000000e+03 1.534938324739831828e+01 1.774889887844901523e+03 -4.720300085249284905e+01 9.671316834189420675e-01 1.741077949537239798e-03 1.583259994218149487e-03 4.779489183066278003e-04 1.013616557749806635e+00 -5.316768560057949600e+01
2.007000000000000000e+03 1.287621140323216018e+01 1.780697095503704077e+03 -4.720066432164882286e+01 9.589540027347680518e-01 3.855763374090672617e-04 9.340157123401416879e-04 4.711655284126010619e-04 1.019949599161738441e+00 -5.305884899090251849e+01
2.008000000000000000e+03 1.080075263452006773e+01 1.787006938627235968e+03 -4.720647485798290433e+01 9.644657798043081431e-01 -5.803275894199409713e-04 -1.274303725084854476e-04 1.246305204921761920e-04 1.023182627778004949e+00 -5.327828020522839836e+01
2.009000000000000000e+03 9.048365056181690846e+00 1.793136236270233667e+03 -4.724579855385269411e+01 9.685960804679031311e-01 -7.529839345789922497e-04 -1.422206964540544084e-03 -1.676672817315950632e-04 1.033335533609080148e+00 -5.364706773427385400e+01
2.010000000000000000e+03 7.559482054428888098e+00 1.798590794355738353e+03 -4.729865810887068278e+01 9.863272564804506093e-01 -2.405704701115013314e-04 -1.780272993344553375e-03 -6.243765557032184129e-04 1.042557964682363947e+00 -5.359934850073733514e+01
2.011000000000000000e+03 6.296622462094108030e+00 1.803384184747094423e+03 -4.733400814966815062e+01 9.907880596595044498e-01 7.604267115754266473e-04 2.675704540333639046e-03 -4.499776852212639578e-04 1.051923973316702954e+00 -5.344100070003676706e+01
2.012000000000000000e+03 5.236915869895825359e+00 1.807931355055143740e+03 -4.734845078404414664e+01 9.930881276597737228e-01 3.097126388854684197e-04 3.049030141218701979e-03 1.787024569688785199e-03 1.051619755006268031e+00 -5.330728752330449538e+01
2.013000000000000000e+03 4.360269012952929124e+00 1.813718816583494799e+03 -4.735199941027423876e+01 9.703073946297327002e-01 -2.236919914354508748e-03 -1.814967490403692494e-03 1.965297528992988158e-04 1.051136850162488923e+00 -5.324899587821407465e+01
2.014000000000000000e+03 3.639412953794130878e+00 1.822352437035135836e+03 -4.734726306872061485e+01 9.569238299942339765e-01 -1.687809695802344094e-03 -1.687809695802244348e-03 -1.125206463868118519e-03 1.055091258224799322e+00 -5.308717630176773383e+01
