1.992000000000000000e+03 1.345007451943551757e+02 1.735186323150109502e+03 -4.735288201903475880e+01 9.942378801383385811e-01 3.147089868891278421e-03 -6.837867973527401999e-03 1.083943360183271289e-02 9.873237204885745300e-01 -5.342512635135443588e+01
1.993000000000000000e+03 1.282501617710375399e+02 1.736418826578127891e+03 -4.734604599274827308e+01 9.882033602862235755e-01 -4.490496990920197530e-03 -2.333217414133692547e-02 -7.484950530804998677e-03 1.003202169094962848e+00 -5.317179825621521161e+01
1.994000000000000000e+03 1.173368640623988597e+02 1.742336086192114180e+03 -4.731627341735755721e+01 9.784634796701412451e-01 9.491740851110810548e-03 2.121362440313816211e-02 -6.730390917875955954e-03 1.022574247614033816e+00 -5.278523008682422812e+01
1.995000000000000000e+03 1.053147207719293164e+02 1.748403639766586821e+03 -4.728734541257495749e+01 9.889234641497615108e-01 1.332137484513391291e-02 2.866483736412268890e-02 1.810348807984527714e-02 1.013076455030033518e+00 -5.310588159738416181e+01
1.996000000000000000e+03 9.225123330833127966e+01 1.750366315556891550e+03 -4.726695038729366871e+01 9.832389224204228784e-01 -2.003267819312034431e-03 -3.460635806156193983e-03 1.726749151168245156e-04 9.920057946742733002e-01 -5.309717422565562828e+01
1.997000000000000000e+03 7.845923284402375941e+01 1.754810991398978331e+03 -4.723053948068967145e+01 9.555580992838408338e-01 -1.541647472048125733e-04 -1.623859437638958993e-03 -1.762724839768100129e-03 1.010683269022944808e+00 -5.271016829040753038e+01
1.998000000000000000e+03 6.581367742958889266e+01 1.764541688803482657e+03 -4.720401322615241924e+01 9.685069732474802517e-01 2.954322202091446553e-03 1.464077326293880467e-04 5.879278974297284278e-04 1.038334143598558468e+00 -5.292499334481037465e+01
1.999000000000000000e+03 5.486633328822046707e+01 1.771839222585354719e+03 -4.720350863045541701e+01 9.945375379532223059e-01 2.963462723142386290e-03 -1.184451441609440416e-03 -4.374447995424352920e-04 1.031428128531733046e+00 -5.318260422607878724e+01
2.000000000000000000e+03 4.566545877306673873e+01 1.772971227949459262e+03 -4.720233783189753751e+01 1.000370596528914247e+00 4.218399040917986294e-03 9.521078463600569051e-04 -3.270331023730496645e-04 1.011627475059228232e+00 -5.319786639710144271e+01
2.001000000000000000e+03 3.797605379424432925e+01 1.771228197690843444e+03 -4.719614867769716682e+01 9.991085000384238857e-01 2.814354086280370683e-03 2.292850164934625179e-04 6.260052267895001646e-04 1.007129121171659980e+00 -5.324181130159777808e+01
2.002000000000000000e+03 3.160735320633140333e+01 1.772631374247946042e+03 -4.719840023733767964e+01 9.777742236299674650e-01 1.797308454475108003e-03 -4.214083460310482309e-04 -4.860526004668754420e-04 1.021180845546832305e+00 -5.319902874533166681e+01
2.003000000000000000e+03 2.635930287917594228e+01 1.776791394865319035e+03 -4.719986811028953611e+01 9.870207257297237691e-01 4.219695829855819348e-03 1.961774744119923562e-03 2.051137031124545564e-04 1.026941272206270739e+00 -5.310544924782811904e+01
2.004000000000000000e+03 2.197397179786662491e+01 1.776919245049846495e+03 -4.719992335212286605e+01 1.011042088053298649e+00 5.349029679597614231e-03 2.047206549884147964e-03 1.102736126301197142e-03 1.014553520629056127e+00 -5.333615867411378986e+01
2.005000000000000000e+03 1.833185419991153253e+01 1.773838934625562388e+03 -4.720319295772534929e+01 1.000685925406384680e+00 2.705962236846669138e-03 1.116927148452353039e-03 2.133652929783947196e-04 1.005701217089765231e+00 -5.331961266873042149e+01
2.006000000000000000e+03 1.534316307829132775e+01 1.774882603949958138e+03 -4.720345815173232751e+01 9.643224708395127243e-01 1.554697137434528668e-03 1.486129659503995348e-03 4.388610136436868459e-04 1.011623301086712390e+00 -5.314659913008013348e+01
2.007000000000000000e+03 1.287763911311190412e+01 1.780757519330542209e+03 -4.719847745180793908e+01 9.559724790038129916e-01 2.739766390231490600e-04 7.339158981793927547e-04 4.502277598281844589e-04 1.017628157710434689e+00 -5.304085848949735293e+01
2.008000000000000000e+03 1.080494987823449726e+01 1.787050221747223532e+03 -4.720260986573410378e+01 9.643391412232744653e-01 -6.112786403994862998e-04 -4.480795723077398178e-04 3.212136752987949538e-05 1.022725019495382748e+00 -5.326863571896445393e+01
2.009000000000000000e+03 9.051681618599650037e+00 1.793092864623208925e+03 -4.724194008917337584e+01 9.689204800990054434e-01 -6.124218395174715283e-04 -1.598187430261887145e-03 -2.646728659214061695e-04 1.033142372347599203e+00 -5.365325248622620791e+01
2.010000000000000000e+03 7.561070286091105430e+00 1.798446309832273528e+03 -4.729644743882910518e+01 9.876502549698148448e-01 1.658001910861110032e-05 -1.627438729405278079e-03 -6.406283367358328682e-04 1.043120081237596031e+00 -5.361628163608733644e+01
2.011000000000000000e+03 6.297791476143554945e+00 1.803312526267247222e+03 -4.733450898023961173e+01 9.894873710897117425e-01 9.571275863277272549e-04 3.055813142425031943e-03 -3.554646529612832387e-04 1.051911761302181336e+00 -5.346236140005433413e+01
2.012000000000000000e+03 5.238085727762027410e+00 1.808005501012140257e+03 -4.735145349488267641e+01 9.939150134573002671e-01 2.899664236399193229e-04 3.194992112214354793e-03 1.914138731662430636e-03 1.052628238891081258e+00 -5.332346118519370748e+01
2.013000000000000000e+03 4.360487933967815977e+00 1.813802089376988533e+03 -4.735622703467989680e+01 9.715443507930796585e-01 -2.413777030589768762e-03 -1.968309656862299480e-03 1.726848078515380949e-04 1.052125726760089641e+00 -5.325609702710454485e+01
2.014000000000000000e+03 3.639058337118849185e+00 1.822292828110861365e+03 -4.735116672336092591e+01 9.574599255962631394e-01 -1.781869494911364872e-03 -1.781869494911293749e-03 -1.187912996607880809e-03 1.054341668153822020e+00 -5.308745525411673327e+01
