1.992000000000000000e+03 1.343636261444241313e+02 1.733419164381231212e+03 -4.736031814435715148e+01 9.870849112280750681e-01 1.859596237908636360e-02 5.834936984985897301e-03 2.619344675356670774e-02 9.907695313906341728e-01 -5.348190578962064023e+01
1.993000000000000000e+03 1.282033600333184040e+02 1.737088471255216973e+03 -4.735885491601865738e+01 9.770006603954749513e-01 -8.764148900998384659e-03 -4.387373487428451735e-02 -1.084169224833199732e-02 1.006817453777949734e+00 -5.312294375685966230e+01
1.994000000000000000e+03 1.175656841054966293e+02 1.743429545238497440e+03 -4.730847277037553056e+01 9.902350250026459300e-01 5.411379777682629247e-03 3.033805146940270897e-02 -1.535216931974731948e-02 1.024959043245553314e+00 -5.248845134703083914e+01
1.995000000000000000e+03 1.052591760202615916e+02 1.748095279916559321e+03 -4.727742516599376188e+01 9.998013559437948228e-01 1.604953671616751731e-02 4.131360421003284905e-02 3.085725415923179157e-02 1.016910563777230214e+00 -5.337779246561147062e+01
1.996000000000000000e+03 9.215511060213378869e+01 1.751166109964598263e+03 -4.728846284718346737e+01 9.692271373854856042e-01 -3.397561171268621578e-03 -6.179049131605951657e-03 -5.687496894283616345e-04 9.958631292497591714e-01 -5.330119177428660748e+01
1.997000000000000000e+03 7.853417650205456368e+01 1.756261044969240857e+03 -4.724699961213707411e+01 9.640660175730098036e-01 1.329183131653360580e-03 -1.568305140877822735e-04 -2.523932138557952436e-03 1.010135191715913150e+00 -5.244830141455314276e+01
1.998000000000000000e+03 6.581168104796397245e+01 1.764699928176594085e+03 -4.719728859189864778e+01 9.814313055774966932e-01 5.670863935048709413e-03 -6.623347109708311361e-04 2.091327145550007840e-03 1.045680392849980489e+00 -5.284390057458643497e+01
1.999000000000000000e+03 5.484634862992476201e+01 1.772294410380814952e+03 -4.719964133014753571e+01 9.905389170330182180e-01 5.072268128340174861e-03 -4.266824809843411739e-03 -2.259729503698881467e-03 1.034665052288778808e+00 -5.326545656272008245e+01
2.000000000000000000e+03 4.566892705647474315e+01 1.773303157850509251e+03 -4.720543352718576102e+01 1.005857914664167962e+00 1.004546841425396804e-02 6.160818728654221359e-03 -5.430474859920677222e-04 1.009259849835409728e+00 -5.323518102947111430e+01
2.001000000000000000e+03 3.797891285259865413e+01 1.771593331379526489e+03 -4.720199188196283302e+01 1.000195192175514780e+00 5.824641545339652969e-03 8.351531017848399336e-04 3.026796431324062838e-03 1.015536487933118792e+00 -5.324380530576300430e+01
2.002000000000000000e+03 3.162445550518567927e+01 1.774251406356133884e+03 -4.720544980882723962e+01 9.818019243369027205e-01 4.069767652224951524e-04 -6.421954288979020084e-03 -2.537392088532063918e-03 1.030293817580799853e+00 -5.315144352332068678e+01
2.003000000000000000e+03 2.635855232461265629e+01 1.777649659013362225e+03 -4.719194408220040060e+01 9.951525353452561617e-01 8.873367156391632343e-03 2.437172102281567800e-03 -1.743910770787869720e-03 1.022824508952656863e+00 -5.292865525804823790e+01
2.004000000000000000e+03 2.195729122074300932e+01 1.776817166472082363e+03 -4.718852723549971273e+01 1.006921259167918414e+00 1.547709736841360213e-02 8.616713992827535265e-03 3.368692172308621318e-03 1.013111068921437985e+00 -5.347536150867438209e+01
2.005000000000000000e+03 1.833264821082851626e+01 1.774758436498966830e+03 -4.720693404348241984e+01 9.929114782909674863e-01 7.299862352057448142e-03 5.019916664261126274e-03 1.934266475289314223e-03 1.006970988923264532e+00 -5.339215571129341242e+01
2.006000000000000000e+03 1.534467887656581553e+01 1.775939241726159935e+03 -4.721033567586396629e+01 9.731827860733961444e-01 2.548964026074206513e-03 2.412631033326382603e-03 1.166719480441399861e-03 1.014010077692488077e+00 -5.313045702781804636e+01
2.007000000000000000e+03 1.286690079916312079e+01 1.781806005713961895e+03 -4.719597497943062336e+01 9.605755017932664508e-01 -1.276698644583198279e-04 5.594978706843678658e-04 3.603351963614196221e-04 1.027693333665708364e+00 -5.288532445257665415e+01
2.008000000000000000e+03 1.079785801626763764e+01 1.788700516238178352e+03 -4.719183156066242191e+01 9.603220959149195712e-01 -1.107025307233165320e-03 -1.310967900509146431e-04 1.041665465829806602e-05 1.020496296189314256e+00 -5.323938939238070844e+01
2.009000000000000000e+03 9.052372573965422831e+00 1.794249950742002966e+03 -4.724282225319276307e+01 9.669151912669636806e-01 -1.302413956633136300e-03 -3.034793582532410369e-03 -7.825161175347413801e-05 1.027129298215476938e+00 -5.390289015940940942e+01
2.010000000000000000e+03 7.569792906322984294e+00 1.800103963775875400e+03 -4.731068284593553841e+01 9.797036581528912880e-01 -5.122669542543760836e-04 -6.311497393994670337e-03 -1.555955287947855589e-03 1.046487009232301313e+00 -5.360201151462917579e+01
2.011000000000000000e+03 6.305906649507899253e+00 1.805518320215822314e+03 -4.734500900507610055e+01 9.979950272733878469e-01 2.493197191137789138e-03 6.284238785323442711e-03 -2.121367713105564053e-03 1.056759885768842722e+00 -5.341050483310072394e+01
2.012000000000000000e+03 5.237692701020502994e+00 1.809247312558532940e+03 -4.735484473529005811e+01 1.000733046821023375e+00 2.335418190033302158e-03 9.701388287768755031e-03 5.048688189323368575e-03 1.054040439580159694e+00 -5.329628708592859709e+01
2.013000000000000000e+03 4.358895051461384007e+00 1.815197121686704349e+03 -4.736286186780635887e+01 9.692000487818978050e-01 -5.309792365615457858e-03 -4.141046170842785888e-03 1.135123202017255389e-03 1.057323387599159448e+00 -5.332701367294523465e+01
2.014000000000000000e+03 3.639763787108897919e+00 1.824614226092048966e+03 -4.736419713216943705e+01 9.578313354191837492e-01 -4.674984779094945760e-03 -4.674984779095192958e-03 -3.116656519396495632e-03 1.058379249365706487e+00 -5.309787598397130637e+01
