1.992000000000000000e+03 1.345117722090748487e+02 1.735311392502703256e+03 -4.735239480048103644e+01 9.929550921410768005e-01 9.606449743384698828e-03 -6.204596570974289273e-03 1.243821315359028810e-02 9.836903726610851662e-01 -5.343436340914542626e+01
1.993000000000000000e+03 1.282445269077048806e+02 1.736320838078464703e+03 -4.734353370450305931e+01 9.854566988248140147e-01 -3.653369061970129610e-03 -2.569588950458439117e-02 -8.056893343769234300e-03 1.001267967317470253e+00 -5.314700521682269851e+01
1.994000000000000000e+03 1.173450564630622495e+02 1.742242762415346306e+03 -4.731137196347712148e+01 9.814085577595993426e-01 7.776660579906554543e-03 2.361541537991148493e-02 -7.567635117709198798e-03 1.024635387534645226e+00 -5.276350616600011989e+01
1.995000000000000000e+03 1.053004249933887735e+02 1.748463536292830213e+03 -4.728778002514499690e+01 9.895204539058057858e-01 9.779077215101801557e-03 2.954365787680879318e-02 2.021840421015558623e-02 1.015403122943739245e+00 -5.319439821656635559e+01
1.996000000000000000e+03 9.226563052202089921e+01 1.750645188689016322e+03 -4.727613905354844093e+01 9.822880106140567946e-01 -2.937443167560016728e-03 -5.296794238625297975e-03 -8.967127702185722466e-05 9.916865034700141912e-01 -5.315274598557717667e+01
1.997000000000000000e+03 7.846687101468808123e+01 1.754729014910022897e+03 -4.723641313706438893e+01 9.615875830387975443e-01 1.303931026720587583e-04 -2.206962527310440351e-03 -2.446385157127954884e-03 1.012089818694205334e+00 -5.263041318410554936e+01
1.998000000000000000e+03 6.579284985466365754e+01 1.764307880721613856e+03 -4.720115226250975837e+01 9.690730276213294081e-01 4.342109375127732943e-03 1.781888424128820958e-03 8.428630014401446722e-04 1.040799125013811111e+00 -5.286169387569672296e+01
1.999000000000000000e+03 5.486336644771839843e+01 1.772033841666275521e+03 -4.719859086703748119e+01 9.925104006130195389e-01 3.693559048742876827e-03 4.898498614938584473e-04 3.078499797327463334e-04 1.031765866531898723e+00 -5.318346643339877744e+01
2.000000000000000000e+03 4.567021970360953986e+01 1.773050312805905833e+03 -4.719875787627791652e+01 1.003259857509758879e+00 3.570070176332256796e-03 1.172502362558638890e-03 1.737969498244167307e-05 1.011200558757823664e+00 -5.321568356627770413e+01
2.001000000000000000e+03 3.798526996538422651e+01 1.771149196475780400e+03 -4.719430048507722120e+01 9.981592479860601497e-01 1.813010508785772726e-03 -9.024929029219809625e-04 4.974659179856301058e-04 1.007623062860283136e+00 -5.325258038829905161e+01
2.002000000000000000e+03 3.161870335322662839e+01 1.772618318202790761e+03 -4.719779807394341731e+01 9.818276964502524740e-01 8.683211195855240153e-04 -2.318960254050116999e-03 -1.129104067447024226e-03 1.023975780363512333e+00 -5.319731104047686898e+01
2.003000000000000000e+03 2.635802357822383257e+01 1.776716412290177686e+03 -4.719959882260327078e+01 9.892248442154829569e-01 4.760171730316899510e-03 1.398879448537356570e-03 -4.168694352531097003e-04 1.028875606956103361e+00 -5.310364543300116935e+01
2.004000000000000000e+03 2.196936464111023923e+01 1.776947731006511049e+03 -4.720133230305001604e+01 1.007998568755267055e+00 7.225669425292919473e-03 3.737819216263009534e-03 1.349455734278011496e-03 1.012835270112100172e+00 -5.336285850516886597e+01
2.005000000000000000e+03 1.833071439703471839e+01 1.773965605835534234e+03 -4.720715130866715015e+01 9.989785380713275265e-01 3.678193781913223579e-03 2.858956700147010418e-03 9.301149059930740801e-04 1.004369871460643493e+00 -5.334498128486497848e+01
2.006000000000000000e+03 1.533807730204279629e+01 1.774879945374694216e+03 -4.720737616109316548e+01 9.681513702298698565e-01 1.253573364927084224e-03 1.986601176199020817e-03 8.061421009272662537e-04 1.013650797045577923e+00 -5.313288273439575704e+01
2.007000000000000000e+03 1.286999206373849347e+01 1.780701332127474643e+03 -4.719982611765938429e+01 9.558930428317211625e-01 -4.938196817301260689e-04 4.620937865252142704e-04 4.227899784043149438e-04 1.018244277235073714e+00 -5.301334605397922672e+01
2.008000000000000000e+03 1.080221123872336619e+01 1.787074762623785091e+03 -4.720286520951566445e+01 9.613216013340625254e-01 -1.212329395070059403e-03 -1.019533411068104453e-03 -9.437258317359707000e-05 1.020190976584915976e+00 -5.328045560554439675e+01
2.009000000000000000e+03 9.052589537324706725e+00 1.792984759220431442e+03 -4.724318753819289896e+01 9.683492953000109038e-01 -8.727029754929759410e-04 -2.423864412662277146e-03 -4.682530860308117783e-04 1.031284250629237453e+00 -5.367433278777977534e+01
2.010000000000000000e+03 7.565211960987705986e+00 1.798587183995683290e+03 -4.729699955357447294e+01 9.829600930947658410e-01 1.975539437631664095e-04 -2.326592376385214819e-03 -9.181252179286494060e-04 1.042671675918716234e+00 -5.358358719995381847e+01
2.011000000000000000e+03 6.302112401982908452e+00 1.803532343183723242e+03 -4.733087470563368271e+01 9.923783757346877898e-01 1.559668007489909249e-03 3.670405560803655532e-03 -5.063490930625868386e-04 1.051890715413136945e+00 -5.342328726628853275e+01
2.012000000000000000e+03 5.239947313964826492e+00 1.807871426009127163e+03 -4.734558544528189117e+01 9.942682277839355320e-01 7.924147546645869721e-04 4.156472274245114062e-03 2.362628906878703073e-03 1.052126673615983998e+00 -5.332860027563624072e+01
2.013000000000000000e+03 4.361245956468742691e+00 1.813643934092508971e+03 -4.735350695085938355e+01 9.733182860216120780e-01 -2.647883840987654263e-03 -2.124899345632828319e-03 3.266820874275640631e-04 1.054075044732543764e+00 -5.329058338685821639e+01
2.014000000000000000e+03 3.638478302269483766e+00 1.822415698637517153e+03 -4.735317367329683691e+01 9.601002011608887887e-01 -2.091937981419428241e-03 -2.091937981419255202e-03 -1.394625320946182422e-03 1.058902358067635552e+00 -5.310776909505310073e+01
