1.360095792529296546e+02
1.733271007397590665e+03
1.059170433572965281e-02
9.877868329490244736e-01
9.757351694242789586e-01
9.902497389771648395e-01
1.001670135933242056e+00
9.681260265614703986e-01
9.638056542574027219e-01
9.829557056052438124e-01
9.901709816425945387e-01
1.006303141739317786e+00
1.001403917285543788e+00
9.809506860156436137e-01
9.952565769871294377e-01
1.008159669945297265e+00
9.925853619810751649e-01
9.722434016055807593e-01
9.605504504296682455e-01
9.606948920461418906e-01
9.668716415788018992e-01
9.792527399217981765e-01
9.976772927808533753e-01
1.001292055266410630e+00
9.688055425376267404e-01
9.581331392857371787e-01
1.962216760713206276e-02
-7.725659849758081781e-03
5.087726824810164493e-03
1.541127528281189575e-02
-3.361452168825064622e-03
9.605036314789552020e-04
5.604560278866445311e-03
5.466568358147541780e-03
9.588543457486371421e-03
5.148691759284006707e-03
1.353339899754334033e-04
8.616164928335430170e-03
1.523626013717880104e-02
7.359958247617392514e-03
2.326588309663835900e-03
-5.877079777145452055e-04
-1.316595895943098839e-03
-1.062253989086311750e-03
-1.189801542959707104e-04
2.563765624775734588e-03
2.141650509379210837e-03
-5.204780484582323050e-03
-4.505342069449677633e-03
6.288202641248180104e-03
-4.272243899592810534e-02
2.784913642175402410e-02
4.279451195008447673e-02
-5.516293281225318444e-03
-9.947324683853720623e-04
-9.272024115238540736e-04
-3.285794028144906846e-03
6.250987312228175122e-03
5.179954035171018293e-04
-6.541851843123515017e-03
2.016437654629123742e-03
8.535470814226101335e-03
5.645816349377569959e-03
2.667288872586188499e-03
4.477890797588954025e-05
-8.191650544239357980e-04
-3.078968105247606706e-03
-5.653785151809631419e-03
6.357731482288113238e-03
9.262245803563433355e-03
-4.078444967219630422e-03
-4.505342069449494620e-03
2.504394489877129204e-02
-1.013603329589748275e-02
-1.530056722123267730e-02
2.937336779791763219e-02
-1.447576902451940602e-04
-2.511246971932703988e-03
1.597503248195678537e-03
-1.976696815864886075e-03
-1.985587836445029046e-04
2.841699422667869936e-03
-2.564451948756187906e-03
-1.796782613325469428e-03
3.141074383078225601e-03
2.075487020908355768e-03
1.394757407022317484e-03
3.128023793619171423e-04
-2.327490076820049113e-04
-2.506888228810912793e-04
-1.441565264494017087e-03
-1.862099869370000991e-03
4.880470019382421483e-03
1.035488413061338162e-03
-3.003561379632993956e-03
9.888272184870553483e-01
1.004301605438874034e+00
1.024913978992203711e+00
1.022920638629536860e+00
9.955775775369342107e-01
1.000494182316795211e+00
1.056113085203385538e+00
1.029076951716499932e+00
1.012811167789421818e+00
1.015237757704001487e+00
1.033061325360707716e+00
1.015874649878955926e+00
1.019696286447828726e+00
1.007823086326110174e+00
1.003226918067857021e+00
1.040467409262907594e+00
1.011944089545275816e+00
1.034259937681442310e+00
1.039861535819746052e+00
1.058840227623040420e+00
1.054077483265940085e+00
1.060100397832481223e+00
1.051666019970927346e+00
1.052462900070040563e-02
1.052779756691553728e-02
1.053466783382395015e-02
1.052604215387665382e-02
1.052669698108707995e-02
1.053523755966737606e-02
1.053093840653841068e-02
1.052658345715251284e-02
1.052740095265458642e-02
1.052737313085550658e-02
1.052770970260592104e-02
1.052988517254987468e-02
1.052456311993776872e-02
1.052518105938022273e-02
1.052787896028817803e-02
1.053106770771810793e-02
1.052717076673917278e-02
1.051978660244528262e-02
1.052284262880389364e-02
1.052488428115785739e-02
1.052630998448292159e-02
1.052583062314235533e-02
1.052833280627625892e-02
