1.359460448463471494e+02
1.736076141156837821e+03
1.059170798209134456e-02
9.929550921410768005e-01
9.854566988248140147e-01
9.814085577595993426e-01
9.895204539058057858e-01
9.822880106140567946e-01
9.615875830387975443e-01
9.690730276213294081e-01
9.925104006130195389e-01
1.003259857509758879e+00
9.981592479860601497e-01
9.818276964502524740e-01
9.892248442154829569e-01
1.007998568755267055e+00
9.989785380713275265e-01
9.681513702298698565e-01
9.558930428317211625e-01
9.613216013340625254e-01
9.683492953000109038e-01
9.829600930947658410e-01
9.923783757346877898e-01
9.942682277839355320e-01
9.733182860216120780e-01
9.601002011608887887e-01
9.606449743384698828e-03
-3.653369061970129610e-03
7.776660579906554543e-03
9.779077215101801557e-03
-2.937443167560016728e-03
1.303931026720587583e-04
4.342109375127732943e-03
3.693559048742876827e-03
3.570070176332256796e-03
1.813010508785772726e-03
8.683211195855240153e-04
4.760171730316899510e-03
7.225669425292919473e-03
3.678193781913223579e-03
1.253573364927084224e-03
-4.938196817301260689e-04
-1.212329395070059403e-03
-8.727029754929759410e-04
1.975539437631664095e-04
1.559668007489909249e-03
7.924147546645869721e-04
-2.647883840987654263e-03
-2.091937981419428241e-03
-6.204596570974289273e-03
-2.569588950458439117e-02
2.361541537991148493e-02
2.954365787680879318e-02
-5.296794238625297975e-03
-2.206962527310440351e-03
1.781888424128820958e-03
4.898498614938584473e-04
1.172502362558638890e-03
-9.024929029219809625e-04
-2.318960254050116999e-03
1.398879448537356570e-03
3.737819216263009534e-03
2.858956700147010418e-03
1.986601176199020817e-03
4.620937865252142704e-04
-1.019533411068104453e-03
-2.423864412662277146e-03
-2.326592376385214819e-03
3.670405560803655532e-03
4.156472274245114062e-03
-2.124899345632828319e-03
-2.091937981419255202e-03
1.243821315359028810e-02
-8.056893343769234300e-03
-7.567635117709198798e-03
2.021840421015558623e-02
-8.967127702185722466e-05
-2.446385157127954884e-03
8.428630014401446722e-04
3.078499797327463334e-04
1.737969498244167307e-05
4.974659179856301058e-04
-1.129104067447024226e-03
-4.168694352531097003e-04
1.349455734278011496e-03
9.301149059930740801e-04
8.061421009272662537e-04
4.227899784043149438e-04
-9.437258317359707000e-05
-4.682530860308117783e-04
-9.181252179286494060e-04
-5.063490930625868386e-04
2.362628906878703073e-03
3.266820874275640631e-04
-1.394625320946182422e-03
9.836903726610851662e-01
1.001267967317470253e+00
1.024635387534645226e+00
1.015403122943739245e+00
9.916865034700141912e-01
1.012089818694205334e+00
1.040799125013811111e+00
1.031765866531898723e+00
1.011200558757823664e+00
1.007623062860283136e+00
1.023975780363512333e+00
1.028875606956103361e+00
1.012835270112100172e+00
1.004369871460643493e+00
1.013650797045577923e+00
1.018244277235073714e+00
1.020190976584915976e+00
1.031284250629237453e+00
1.042671675918716234e+00
1.051890715413136945e+00
1.052126673615983998e+00
1.054075044732543764e+00
1.058902358067635552e+00
1.052479775662540883e-02
1.052795923441487806e-02
1.053217841006460001e-02
1.052743782413218844e-02
1.052789607541483596e-02
1.053364266256199069e-02
1.053109817302422778e-02
1.052755809392927691e-02
1.052720364590449369e-02
1.052679771233537565e-02
1.052740577768658883e-02
1.052843627141293072e-02
1.052558444624957477e-02
1.052578112939944049e-02
1.052811460762522085e-02
1.052942972841112122e-02
1.052649103295336293e-02
1.052215762897553038e-02
1.052315600774536043e-02
1.052491961529567269e-02
1.052596135133613241e-02
1.052637960842168693e-02
1.052839090360122541e-02
