1.358013639977979210e+02
1.735874484752524950e+03
1.059170903748572409e-02
9.901313908121009977e-01
9.859839890022401576e-01
9.832153696744608817e-01
9.908991890911588163e-01
9.795074868475676100e-01
9.553213603397470166e-01
9.699839526375121368e-01
9.948671975051922578e-01
1.000271372721748930e+00
9.967022405666653428e-01
9.788657646540642743e-01
9.885099012849708489e-01
1.008430817501320576e+00
9.982480935605143602e-01
9.671316834189420675e-01
9.589540027347680518e-01
9.644657798043081431e-01
9.685960804679031311e-01
9.863272564804506093e-01
9.907880596595044498e-01
9.930881276597737228e-01
9.703073946297327002e-01
9.569238299942339765e-01
3.590125894308585086e-03
-4.216195456209009644e-03
8.552234240595445180e-03
1.359439989892338371e-02
-1.494337575093967335e-03
-1.260306739245703217e-04
2.502008738425400263e-03
2.791361893061532293e-03
4.404895115699446369e-03
2.795754876700306223e-03
1.420376505225832845e-03
3.809618115773008226e-03
5.405224769018220771e-03
3.010303167191931938e-03
1.741077949537239798e-03
3.855763374090672617e-04
-5.803275894199409713e-04
-7.529839345789922497e-04
-2.405704701115013314e-04
7.604267115754266473e-04
3.097126388854684197e-04
-2.236919914354508748e-03
-1.687809695802344094e-03
-3.467911029864033292e-03
-2.353114997336585093e-02
1.617330052376557067e-02
2.634504539335337514e-02
-2.553717346225039143e-03
-1.259622643254088839e-03
-3.175010341467574514e-04
-1.285268259969442675e-03
1.605332997380939236e-03
5.412279674346801364e-04
-8.701215905985522272e-04
1.211917003849547489e-03
1.863187014683561965e-03
1.278920079591137730e-03
1.583259994218149487e-03
9.340157123401416879e-04
-1.274303725084854476e-04
-1.422206964540544084e-03
-1.780272993344553375e-03
2.675704540333639046e-03
3.049030141218701979e-03
-1.814967490403692494e-03
-1.687809695802244348e-03
1.146737559424980228e-02
-6.698104861205247604e-03
-7.497267955776360134e-03
1.585422284629557990e-02
2.932479218392877447e-04
-1.418648710924145726e-03
5.004053285847688678e-04
-6.352805324131562082e-04
-2.057389046451342355e-04
8.305070965616929632e-04
-4.824981366495668120e-04
-9.758292375022647330e-05
9.055275929832284302e-04
2.740436431810954789e-04
4.779489183066278003e-04
4.711655284126010619e-04
1.246305204921761920e-04
-1.676672817315950632e-04
-6.243765557032184129e-04
-4.499776852212639578e-04
1.787024569688785199e-03
1.965297528992988158e-04
-1.125206463868118519e-03
9.826890510929248146e-01
1.001223014041052295e+00
1.026587726189845506e+00
1.016200933747656521e+00
9.878082531800046473e-01
1.009234617728802963e+00
1.041691381651031811e+00
1.032120084774431845e+00
1.009694129392824991e+00
1.005376707717595020e+00
1.022392801405169971e+00
1.028203329822400480e+00
1.012520854565992501e+00
1.003695400410194782e+00
1.013616557749806635e+00
1.019949599161738441e+00
1.023182627778004949e+00
1.033335533609080148e+00
1.042557964682363947e+00
1.051923973316702954e+00
1.051619755006268031e+00
1.051136850162488923e+00
1.055091258224799322e+00
1.052497527766667676e-02
1.052774701206284774e-02
1.053193987272783849e-02
1.052829188159557124e-02
1.052827207845104078e-02
1.053251343461377408e-02
1.053032332623297235e-02
1.052763496012727729e-02
1.052754054003695802e-02
1.052714871756165078e-02
1.052760372413580336e-02
1.052851776354480490e-02
1.052586648761398222e-02
1.052588050835014978e-02
1.052773171217327372e-02
1.052892911379894707e-02
1.052651496642119204e-02
1.052245759804779253e-02
1.052298260278601745e-02
1.052472473376791021e-02
1.052619583163206390e-02
1.052683714861827290e-02
1.052861746188496310e-02
