1.358594331786996179e+02
1.735793549256555707e+03
1.059171363534952386e-02
9.872334693002575712e-01
9.848539870310677458e-01
9.900819593699867749e-01
9.954226449158859458e-01
9.758336887233258761e-01
9.539404385725607227e-01
9.709719716957569968e-01
9.944967074769625048e-01
9.996833632123688362e-01
9.951893528396100752e-01
9.813161811856028205e-01
9.907103336916556202e-01
1.005480312655042230e+00
9.953132296813849145e-01
9.698039404872528246e-01
9.610063526590215677e-01
9.625444298476777405e-01
9.666221605485579849e-01
9.845411245874738926e-01
9.920525432536352328e-01
9.931459397011268564e-01
9.713625130108159977e-01
9.590999038264104160e-01
5.475852530297985882e-03
-4.447448125505117263e-03
6.175250404046763245e-03
1.217567741590874948e-02
-1.178241182603495486e-03
1.526594145685591995e-04
2.293709685314923412e-03
2.556064469331001399e-03
4.659327815486973522e-03
3.024974858585960727e-03
1.398629948065386588e-03
3.931272962848119355e-03
5.843626867080197775e-03
3.186828972716505923e-03
1.602772080713990100e-03
2.351234215252925679e-04
-6.644831586706729555e-04
-8.983677613005802611e-04
-4.303337263318490779e-04
7.091491150476179808e-04
4.364047001349056088e-04
-2.178701646013232827e-03
-1.709287672115700858e-03
1.038645528340483492e-03
-2.243686281968288246e-02
1.300875757007307655e-02
2.320833026020830206e-02
-2.044496824915177646e-03
-5.748359363631174628e-04
-5.207043095637754184e-04
-1.769543738808032054e-03
1.789088572661979345e-03
6.373867211303688380e-04
-1.266267112508769185e-03
1.039780267630058220e-03
2.354815417798844252e-03
1.644221417792042462e-03
1.542242907866605769e-03
9.130538790372432108e-04
3.125369667282809676e-05
-1.397752553104061619e-03
-2.086893323328245942e-03
2.506145156969674659e-03
3.188910021454061713e-03
-1.751379727984544998e-03
-1.709287672115968222e-03
1.225547134410424552e-02
-5.620776785984540544e-03
-7.787342414058916543e-03
1.427602189000331048e-02
2.052391886884801420e-04
-1.114770930673470535e-03
6.323541631867228259e-04
-8.738590551977329368e-04
-2.839912870545717211e-04
9.611767469697203451e-04
-5.508773280221224491e-04
-2.933007469835336497e-04
9.864875920705584635e-04
4.749718627244329389e-04
5.131451840695713329e-04
4.201452470987147771e-04
1.551036175037670279e-04
-1.074142557773859099e-04
-6.595366236999639174e-04
-5.853804734817165444e-04
1.804915129169687568e-03
2.568199081068822621e-04
-1.139525114744126049e-03
9.814021920952382683e-01
9.986777353180745775e-01
1.032187777555958252e+00
1.023289257285779019e+00
9.822280098747744326e-01
1.007578571656277733e+00
1.044770477275992704e+00
1.030084393487134209e+00
1.008613291563078329e+00
1.004912931743133342e+00
1.024791731374051551e+00
1.030030253553211095e+00
1.009451666822376081e+00
1.001007120717697596e+00
1.017059176482315808e+00
1.021104239508231037e+00
1.020936876500309065e+00
1.032585678791049011e+00
1.040226475296987196e+00
1.053325434642098379e+00
1.051840358536276332e+00
1.051003072456977216e+00
1.059125864909045367e+00
1.052552073300586956e-02
1.052786497381866249e-02
1.053190652188931188e-02
1.052801044470588233e-02
1.052794350873193299e-02
1.053235116624159744e-02
1.053020153692483737e-02
1.052757525151492603e-02
1.052756908987334018e-02
1.052716481828116016e-02
1.052767586322375833e-02
1.052878420064621602e-02
1.052614483351785660e-02
1.052606973688052956e-02
1.052772847940578599e-02
1.052871029676892903e-02
1.052618555057586135e-02
1.052229872741246297e-02
1.052311444504283600e-02
1.052480104142800889e-02
1.052608024383016802e-02
1.052665078395218466e-02
1.052853483101753862e-02
