1.358749334034185381e+02
1.735668992936460654e+03
1.059170887595934502e-02
9.942378801383385811e-01
9.882033602862235755e-01
9.784634796701412451e-01
9.889234641497615108e-01
9.832389224204228784e-01
9.555580992838408338e-01
9.685069732474802517e-01
9.945375379532223059e-01
1.000370596528914247e+00
9.991085000384238857e-01
9.777742236299674650e-01
9.870207257297237691e-01
1.011042088053298649e+00
1.000685925406384680e+00
9.643224708395127243e-01
9.559724790038129916e-01
9.643391412232744653e-01
9.689204800990054434e-01
9.876502549698148448e-01
9.894873710897117425e-01
9.939150134573002671e-01
9.715443507930796585e-01
9.574599255962631394e-01
3.147089868891278421e-03
-4.490496990920197530e-03
9.491740851110810548e-03
1.332137484513391291e-02
-2.003267819312034431e-03
-1.541647472048125733e-04
2.954322202091446553e-03
2.963462723142386290e-03
4.218399040917986294e-03
2.814354086280370683e-03
1.797308454475108003e-03
4.219695829855819348e-03
5.349029679597614231e-03
2.705962236846669138e-03
1.554697137434528668e-03
2.739766390231490600e-04
-6.112786403994862998e-04
-6.124218395174715283e-04
1.658001910861110032e-05
9.571275863277272549e-04
2.899664236399193229e-04
-2.413777030589768762e-03
-1.781869494911364872e-03
-6.837867973527401999e-03
-2.333217414133692547e-02
2.121362440313816211e-02
2.866483736412268890e-02
-3.460635806156193983e-03
-1.623859437638958993e-03
1.464077326293880467e-04
-1.184451441609440416e-03
9.521078463600569051e-04
2.292850164934625179e-04
-4.214083460310482309e-04
1.961774744119923562e-03
2.047206549884147964e-03
1.116927148452353039e-03
1.486129659503995348e-03
7.339158981793927547e-04
-4.480795723077398178e-04
-1.598187430261887145e-03
-1.627438729405278079e-03
3.055813142425031943e-03
3.194992112214354793e-03
-1.968309656862299480e-03
-1.781869494911293749e-03
1.083943360183271289e-02
-7.484950530804998677e-03
-6.730390917875955954e-03
1.810348807984527714e-02
1.726749151168245156e-04
-1.762724839768100129e-03
5.879278974297284278e-04
-4.374447995424352920e-04
-3.270331023730496645e-04
6.260052267895001646e-04
-4.860526004668754420e-04
2.051137031124545564e-04
1.102736126301197142e-03
2.133652929783947196e-04
4.388610136436868459e-04
4.502277598281844589e-04
3.212136752987949538e-05
-2.646728659214061695e-04
-6.406283367358328682e-04
-3.554646529612832387e-04
1.914138731662430636e-03
1.726848078515380949e-04
-1.187912996607880809e-03
9.873237204885745300e-01
1.003202169094962848e+00
1.022574247614033816e+00
1.013076455030033518e+00
9.920057946742733002e-01
1.010683269022944808e+00
1.038334143598558468e+00
1.031428128531733046e+00
1.011627475059228232e+00
1.007129121171659980e+00
1.021180845546832305e+00
1.026941272206270739e+00
1.014553520629056127e+00
1.005701217089765231e+00
1.011623301086712390e+00
1.017628157710434689e+00
1.022725019495382748e+00
1.033142372347599203e+00
1.043120081237596031e+00
1.051911761302181336e+00
1.052628238891081258e+00
1.052125726760089641e+00
1.054341668153822020e+00
1.052489938185877105e-02
1.052768646538781126e-02
1.053193940903221666e-02
1.052841166952236257e-02
1.052850746650071598e-02
1.053276521926887338e-02
1.053040176657823838e-02
1.052756757980035859e-02
1.052739966773724549e-02
1.052691619232446960e-02
1.052738687975808031e-02
1.052841642615687419e-02
1.052587819473331000e-02
1.052606023190223554e-02
1.052796370211457784e-02
1.052912704191629086e-02
1.052662107377517857e-02
1.052238955366012821e-02
1.052279630529987312e-02
1.052448972525847973e-02
1.052601789099115621e-02
1.052675902275982713e-02
1.052861439290105755e-02
