1.992000000000000000e+03 1.345111901896299855e+02 1.735315956448770521e+03 -4.735231682392326746e+01 9.950458187290306400e-01 9.844804193918706148e-03 -6.971160406566534462e-03 1.255447485188688518e-02 9.852064273995448929e-01 -5.343163911523773635e+01
1.993000000000000000e+03 1.282242127340386730e+02 1.736319254728970236e+03 -4.734408027164393928e+01 9.858691858183867840e-01 -4.107319237896350089e-03 -2.555728746479188698e-02 -8.361824996154365933e-03 1.001792382430215511e+00 -5.315584045173726935e+01
1.994000000000000000e+03 1.173362210170384827e+02 1.742265160282248416e+03 -4.731273587327255825e+01 9.790309717811628287e-01 7.684862897428195762e-03 2.562073164114982496e-02 -7.236251958709349723e-03 1.022693578526897129e+00 -5.277143284471497253e+01
1.995000000000000000e+03 1.053098565427674487e+02 1.748426238941229258e+03 -4.728889146822567824e+01 9.889035955039865433e-01 9.195590318619687939e-03 2.894165163901870133e-02 2.109049366077214022e-02 1.014249491845725881e+00 -5.319278719715825332e+01
1.996000000000000000e+03 9.227389639846940383e+01 1.750606111460736656e+03 -4.727654502259781566e+01 9.844107969598924202e-01 -3.141086251276804884e-03 -5.998559260433613573e-03 -3.081610676693910793e-04 9.940326465600377581e-01 -5.314146637448580179e+01
1.997000000000000000e+03 7.846183817467910160e+01 1.754778289302647408e+03 -4.723589620781354625e+01 9.621566446828333508e-01 3.438554031386106087e-04 -2.087172099940941359e-03 -2.623636480937397916e-03 1.012882622215940609e+00 -5.261703139891038461e+01
1.998000000000000000e+03 6.578869138011637574e+01 1.764309379716505646e+03 -4.719941157766094619e+01 9.679438911119500055e-01 4.725817895418437525e-03 2.417650638487512781e-03 1.065112019149593373e-03 1.039121315918990929e+00 -5.285631390517198014e+01
1.999000000000000000e+03 5.486707414506119562e+01 1.771964402574510359e+03 -4.719621715695721065e+01 9.918990205545151762e-01 3.681515388346615070e-03 5.468233958779469524e-04 4.877020750878199818e-04 1.031221157182948600e+00 -5.318089406871207103e+01
2.000000000000000000e+03 4.567393954515873133e+01 1.773024874021253027e+03 -4.719658112650559900e+01 1.003713476339193722e+00 3.358952352092450799e-03 6.406449359677469924e-04 -1.143564913234725624e-04 1.011965789576092956e+00 -5.321469741827245059e+01
2.001000000000000000e+03 3.798396948593754985e+01 1.771172419224890291e+03 -4.719311224208922084e+01 9.990384598296636609e-01 1.874999702757903109e-03 -1.160853475259025812e-03 3.524251046344131278e-04 1.008472029522434754e+00 -5.326120642650777626e+01
2.002000000000000000e+03 3.161690009962417136e+01 1.772643067431631607e+03 -4.719810016359127047e+01 9.809424850960701825e-01 1.192749787925291528e-03 -2.151239163236922779e-03 -1.157045442059412505e-03 1.023166281972926583e+00 -5.321234283502806761e+01
2.003000000000000000e+03 2.635961273021556650e+01 1.776709507200423786e+03 -4.720103556854482463e+01 9.882584815484647400e-01 5.112429193393689883e-03 1.765831408215169391e-03 -2.771140000984992423e-04 1.027803924962678028e+00 -5.311432198421039885e+01
2.004000000000000000e+03 2.196993674405339547e+01 1.776919073897428234e+03 -4.720332756222100556e+01 1.008903557760905345e+00 7.342669007936287497e-03 3.842198291399871474e-03 1.454334938908477277e-03 1.013620848645941264e+00 -5.336597256708064663e+01
2.005000000000000000e+03 1.832802769178208280e+01 1.773968656994884441e+03 -4.720901598551829892e+01 9.998378540120218538e-01 3.640942200436713544e-03 2.807872224014142191e-03 9.013806562796903340e-04 1.005384867000400417e+00 -5.333823699293871812e+01
2.006000000000000000e+03 1.533587780513416199e+01 1.774902104017533247e+03 -4.720840244401625085e+01 9.672033615241382165e-01 1.249827260220135383e-03 2.030817109922357974e-03 8.017456102114817965e-04 1.012763208970327788e+00 -5.312743636613537035e+01
2.007000000000000000e+03 1.287008841284396610e+01 1.780693307438104966e+03 -4.719999753910819607e+01 9.551886593814593596e-01 -5.133870026792661202e-04 5.056476980732418089e-04 4.504238514519851239e-04 1.017430700399568622e+00 -5.301029277574831156e+01
2.008000000000000000e+03 1.080278232371729352e+01 1.787047287078776208e+03 -4.720252212186682073e+01 9.615869065898295931e-01 -1.274286339563394455e-03 -1.046125213583909419e-03 -9.321926918648981990e-05 1.020416216186860625e+00 -5.327647067113228019e+01
2.009000000000000000e+03 9.053199203611169921e+00 1.792985436833966787e+03 -4.724252229269121273e+01 9.679626843939456160e-01 -9.252349286414957713e-04 -2.471362552850022223e-03 -4.833580318955551830e-04 1.031200726082081021e+00 -5.367062854514048809e+01
2.010000000000000000e+03 7.566402031153341312e+00 1.798640692926573138e+03 -4.729595746959913782e+01 9.823264127532824741e-01 1.753873850299686487e-04 -2.356718576405440572e-03 -9.313736026701766643e-04 1.042399583279227659e+00 -5.357856155220408567e+01
2.011000000000000000e+03 6.303595557436805663e+00 1.803578304311124384e+03 -4.732962766789794529e+01 9.921154743109156238e-01 1.558773964295656405e-03 3.708862340809536678e-03 -5.118176919468058654e-04 1.051377085408587542e+00 -5.342478431541197637e+01
2.012000000000000000e+03 5.240776251075572212e+00 1.807835836255163258e+03 -4.734475075216204232e+01 9.954549834871474490e-01 7.852597078312586239e-04 4.192374040010634142e-03 2.387514068655990484e-03 1.052683847805425899e+00 -5.333438863603312541e+01
2.013000000000000000e+03 4.361204199379685953e+00 1.813595262506462177e+03 -4.735353704657430285e+01 9.740916190503339234e-01 -2.687519078005268670e-03 -2.158118840067126207e-03 3.259215664142849534e-04 1.055048980902873801e+00 -5.329521057553432684e+01
2.014000000000000000e+03 3.638265171565084444e+00 1.822453918110681343e+03 -4.735383971798523817e+01 9.599207615246342362e-01 -2.117600951751123957e-03 -2.117600951750990817e-03 -1.411733967834090300e-03 1.059267468308664251e+00 -5.310870248202692778e+01
