1.992000000000000000e+03 1.344553699079657747e+02 1.735281069753674728e+03 -4.735131268488834877e+01 9.861994324771720111e-01 6.358274307113075986e-03 -9.044204790533804782e-04 1.068528580714496988e-02 9.841761928207365395e-01 -5.339440820234209184e+01
1.993000000000000000e+03 1.282843725266467629e+02 1.736432076916087226e+03 -4.733996791832595363e+01 9.798754839847663156e-01 -2.805674913315161969e-03 -2.051903110063011196e-02 -5.487192935082461226e-03 9.920314305007629230e-01 -5.315419611251981280e+01
1.994000000000000000e+03 1.173842531445190644e+02 1.741831559390801658e+03 -4.730814253404302860e+01 9.916877901925134076e-01 6.190470808134342431e-03 1.282937732342258504e-02 -6.832415508598406982e-03 1.032614872490360769e+00 -5.277713844803955112e+01
1.995000000000000000e+03 1.052845317491850494e+02 1.748757429945206923e+03 -4.728619702791292667e+01 1.000037846922444240e+00 1.044366153436348567e-02 2.181686841919142084e-02 1.334407026282100062e-02 1.031507284133382329e+00 -5.313172571187463689e+01
1.996000000000000000e+03 9.224097945021050293e+01 1.750768830787936849e+03 -4.727014358416636952e+01 9.723612857314839486e-01 -1.222160815089264659e-03 -1.879450220026534493e-03 2.059787508305642250e-04 9.750370178146587907e-01 -5.314540025972458182e+01
1.997000000000000000e+03 7.848608720788872972e+01 1.754475180722902223e+03 -4.723419460768851508e+01 9.538708659238266385e-01 1.156906562023814802e-04 -6.988425737422242776e-04 -1.037081786587056801e-03 1.009804512674910892e+00 -5.273925206659824028e+01
1.998000000000000000e+03 6.580578307023387197e+01 1.764888607160125730e+03 -4.721159747257841843e+01 9.731205418365066473e-01 2.159612045777224449e-03 -5.700697151954429954e-04 4.937376882829050146e-04 1.048117210456466664e+00 -5.293027157965157414e+01
1.999000000000000000e+03 5.485202658114565111e+01 1.772127476851744404e+03 -4.721041730125308078e+01 9.926192957846048381e-01 2.478389942082246961e-03 -1.333926477063314235e-03 -7.795525394341109660e-04 1.024009235811717433e+00 -5.318307003739330696e+01
2.000000000000000000e+03 4.566509950699396825e+01 1.772805676257230743e+03 -4.720616529363519476e+01 1.000394081664968127e+00 4.258960496074365616e-03 2.008658419201051013e-03 -1.018937944219406200e-04 1.013002451463704157e+00 -5.318512857165069363e+01
2.001000000000000000e+03 3.798683795297963428e+01 1.771131960042889659e+03 -4.719658506819046551e+01 9.965669031101999087e-01 2.538122739145555386e-03 4.736887445608885792e-04 9.379286082513999673e-04 1.004149215454172461e+00 -5.320387657358194389e+01
2.002000000000000000e+03 3.161593682245054993e+01 1.772605640953357351e+03 -4.719501288500593716e+01 9.821141923932733553e-01 9.399161002366753555e-04 -1.702334433941309977e-03 -6.391034603831100220e-04 1.026261518905753345e+00 -5.316263360908235569e+01
2.003000000000000000e+03 2.634723227671140222e+01 1.776859158499977184e+03 -4.719521694933537503e+01 9.916027121123528465e-01 3.534394101198354982e-03 6.537720631068683107e-04 -4.957861622440297477e-04 1.030495067121976138e+00 -5.309115130395514370e+01
2.004000000000000000e+03 2.196651871477755691e+01 1.776988530654411989e+03 -4.719486388697102797e+01 1.002732525304779854e+00 5.654649182046801552e-03 2.650394206238721340e-03 9.316342043153888041e-04 1.007859409876810552e+00 -5.334246081545279594e+01
2.005000000000000000e+03 1.834597000393924660e+01 1.773719515528501461e+03 -4.719798533164787102e+01 9.934378833919718099e-01 3.040750301904153203e-03 2.022612744913231814e-03 6.800634028226081257e-04 9.972323394390233409e-01 -5.334316637700587194e+01
2.006000000000000000e+03 1.535222332227718667e+01 1.774862426478855241e+03 -4.720153862893672425e+01 9.727607766904232678e-01 1.210394805949312549e-03 1.358787886332509746e-03 5.521111644320097697e-04 1.021868637500243038e+00 -5.316358590952597041e+01
2.007000000000000000e+03 1.286855424337589682e+01 1.780952239247019179e+03 -4.720110071018168441e+01 9.626452134238074887e-01 -7.167069561081643528e-05 5.674497188764073300e-04 2.885834268459921167e-04 1.022637202227481001e+00 -5.306106778234808985e+01
2.008000000000000000e+03 1.079292332583716885e+01 1.786847839492882031e+03 -4.720631216359261373e+01 9.624316086410100723e-01 -6.961642500832752531e-04 -8.803441610661315959e-05 7.379896246219423965e-05 1.018091824672447077e+00 -5.328754349844344773e+01
2.009000000000000000e+03 9.045594933181829944e+00 1.793195244950584311e+03 -4.724702371631494913e+01 9.657514944491113473e-01 -7.996906634637677936e-04 -1.305213307801847107e-03 -1.059908585599048315e-04 1.036025271705600881e+00 -5.365717860659169247e+01
2.010000000000000000e+03 7.562122421670797401e+00 1.798577612840806296e+03 -4.729935771351545526e+01 9.814441997489625757e-01 -3.557011746509800812e-04 -1.974629015538434135e-03 -6.113210773130375473e-04 1.032710599028450860e+00 -5.360464059567448913e+01
2.011000000000000000e+03 6.301179550142186336e+00 1.803191167819868497e+03 -4.733371538924136246e+01 9.913282793638810153e-01 7.098364617297186260e-04 2.276622312481183571e-03 -5.640786131034908031e-04 1.055946621224958415e+00 -5.343885841382522983e+01
2.012000000000000000e+03 5.240233003284648028e+00 1.808102733837312599e+03 -4.734912777401933681e+01 9.933043934071282832e-01 4.853035963335904437e-04 2.990816063352007975e-03 1.665461457139448716e-03 1.051799269572958107e+00 -5.330458042513086525e+01
2.013000000000000000e+03 4.362065233549176746e+00 1.813433537827395867e+03 -4.735159313021031124e+01 9.723080852241292593e-01 -1.949534416178256516e-03 -1.558928829795880669e-03 2.627327347429149517e-04 1.048587944960861940e+00 -5.325480527287263044e+01
2.014000000000000000e+03 3.638465539166173102e+00 1.822444254685557780e+03 -4.734942836483790529e+01 9.624984880559277478e-01 -1.562422345528462772e-03 -1.562422345528252654e-03 -1.041614897018932825e-03 1.067547480271753502e+00 -5.309219423510624836e+01
