1.992000000000000000e+03 1.343344532420210840e+02 1.732960539879711632e+03 -4.735645870318838746e+01 2.763501906144288228e-02 1.473209626987804187e-03 1.821524946701157111e-02 1.003398683717462214e+00 -5.338143623115942660e+01
1.993000000000000000e+03 1.282210907733323495e+02 1.738000058125840269e+03 -4.735562816633476046e+01 -1.295592443295509252e-02 -4.651434813261392381e-02 -8.905521226758861264e-03 1.008779730200282776e+00 -5.314383125562616073e+01
1.994000000000000000e+03 1.175765642363474797e+02 1.743648339109002336e+03 -4.730915615618125258e+01 -1.505707403587835079e-02 3.825840129391815114e-02 7.253449477477889179e-03 1.013089093866352153e+00 -5.256756086365854941e+01
1.995000000000000000e+03 1.052501896456988675e+02 1.747096071900685729e+03 -4.727838042913312933e+01 3.518098427995846461e-02 4.136666069621124792e-02 1.515342333743257414e-02 1.009906995234967297e+00 -5.338097535323793608e+01
1.996000000000000000e+03 9.216718683306550020e+01 1.750762884944544339e+03 -4.728854649308856040e+01 -1.304530170638065669e-03 -8.271375358498082864e-03 -4.417205699069212677e-03 1.007703627878722807e+00 -5.325008507590889195e+01
1.997000000000000000e+03 7.853438148803562058e+01 1.757297741426077664e+03 -4.724829824465237493e+01 -2.992451614858537053e-03 1.040846920176895186e-04 1.696090406744591925e-03 1.018064912531237765e+00 -5.243289357343650181e+01
1.998000000000000000e+03 6.580110675733253345e+01 1.764916861188103212e+03 -4.719903587846063431e+01 2.646676472650766332e-03 2.105554596457426771e-05 6.625499346509160746e-03 1.032256803790737587e+00 -5.291297274995687872e+01
1.999000000000000000e+03 5.484799879951251711e+01 1.771115355243985505e+03 -4.720043283443631310e+01 -2.348727345320530957e-03 -4.506969307754782154e-03 5.562402953547936936e-03 1.031849132699672156e+00 -5.326120307768711370e+01
2.000000000000000000e+03 4.567262860392883539e+01 1.773269274925724631e+03 -4.720430351432214167e+01 -6.090675127167893008e-04 6.742616751637294827e-03 1.094752024837767831e-02 1.021447565711614214e+00 -5.314458374587693612e+01
2.001000000000000000e+03 3.797944576149100016e+01 1.772880779042279528e+03 -4.719931884985684434e+01 3.322224782163220400e-03 9.758776766260352517e-04 6.196545959502497772e-03 1.017416217729394834e+00 -5.322919466264830390e+01
2.002000000000000000e+03 3.162474537856305901e+01 1.774584296356395953e+03 -4.720275830595455346e+01 -2.744502564351174959e-03 -7.082689236817800264e-03 -1.395616937239890212e-04 1.020591213889954885e+00 -5.321262344290267521e+01
2.003000000000000000e+03 2.636137770193660756e+01 1.776846774013183449e+03 -4.719125375764854624e+01 -1.977290260193542964e-03 2.336455234002996536e-03 9.058005726488130988e-03 1.020591132459735872e+00 -5.296093884062935331e+01
2.004000000000000000e+03 2.195894850267235654e+01 1.776128940392739878e+03 -4.719049302680999602e+01 3.534927082862028211e-03 8.913137493163404007e-03 1.664445565374742322e-02 1.016074255366736789e+00 -5.347948043321171241e+01
2.005000000000000000e+03 1.832869395025203119e+01 1.774754264896054565e+03 -4.720939454584871697e+01 1.959815409652508698e-03 5.217091011228496521e-03 8.037392548910452655e-03 1.012767293649346145e+00 -5.335485438429454774e+01
2.006000000000000000e+03 1.534020471781733796e+01 1.776526981497111365e+03 -4.721216045594078992e+01 1.254202609804372847e-03 3.001075811548900314e-03 3.081003932538648425e-03 1.014676938670299178e+00 -5.312586106522510221e+01
2.007000000000000000e+03 1.286759298239702254e+01 1.781860169744190898e+03 -4.719629643342826597e+01 6.089987509142478009e-04 1.345742814631822317e-03 5.921751009282361067e-05 1.019085829934188503e+00 -5.290217361159188414e+01
2.008000000000000000e+03 1.080151953868396930e+01 1.788427566344618754e+03 -4.719015479074262487e+01 2.370374096913465767e-04 1.191372411020874539e-04 -1.427298906118462402e-03 1.023068883973189624e+00 -5.320916606225101475e+01
2.009000000000000000e+03 9.054781329571579107e+00 1.794608778319695602e+03 -4.724129037668367914e+01 -1.260900658319600621e-04 -4.022592357147464562e-03 -1.886017369787370028e-03 1.031850006088625982e+00 -5.389077974745015354e+01
2.010000000000000000e+03 7.570016142647842727e+00 1.800381116428308360e+03 -4.730960929366234780e+01 -2.044510537812974094e-03 -7.868944915144653746e-03 -7.332988463348181574e-04 1.044448365911202936e+00 -5.361534085442731623e+01
2.011000000000000000e+03 6.305196181094970598e+00 1.805118939654787255e+03 -4.734395779907008261e+01 -2.561162191161219740e-03 7.079156818318831611e-03 3.156037711210061755e-03 1.053862099475852965e+00 -5.342939147285419210e+01
2.012000000000000000e+03 5.237117274267941269e+00 1.808980786970430017e+03 -4.735513791240519765e+01 5.824480056032469398e-03 1.137151551038455277e-02 3.102717158788320662e-03 1.057205158174246096e+00 -5.329246208088378722e+01
2.013000000000000000e+03 4.358622679269098299e+00 1.815361058751145265e+03 -4.736464867020695380e+01 1.405224227379330915e-03 -4.488981736578743706e-03 -5.808345352108159818e-03 1.057760368744593338e+00 -5.333544941998025024e+01
2.014000000000000000e+03 3.639892215172511936e+00 1.824672423219862821e+03 -4.736636762838308812e+01 -3.518302974745084622e-03 -5.277454462117937665e-03 -5.277454462118206548e-03 1.056754422570949314e+00 -5.310588818322536753e+01
