1.992000000000000000e+03 1.306003882655431312e+02 1.733787375348349997e+03 -4.735860395914026810e+01 7.380266628066467667e-03 -1.255743070581161192e-02 1.140037328587925440e-02 1.008958940936941273e+00 -5.335682691559095758e+01
1.993000000000000000e+03 1.253178088227555662e+02 1.740331860108746469e+03 -4.735854806699324371e+01 -7.656968560562425578e-03 -3.221379234066638897e-02 5.794295780813640828e-03 1.010739548807356281e+00 -5.312210545045780918e+01
1.994000000000000000e+03 1.149792368883560982e+02 1.745585104815378827e+03 -4.730986677035431143e+01 -1.152521505896685061e-02 -1.316937654089562516e-02 1.515092329042328281e-02 1.013016298925027092e+00 -5.257141284365263090e+01
1.995000000000000000e+03 1.030836741748838961e+02 1.747893086791922769e+03 -4.727893132560201650e+01 2.381351591817574848e-03 4.548471067747396346e-02 3.058050484852266326e-02 1.014300845483713021e+00 -5.340827255186486866e+01
1.996000000000000000e+03 8.990419958488546115e+01 1.749111933196830478e+03 -4.728835923559748977e+01 4.794146719103524988e-03 6.039834545332589850e-03 3.277839225673598138e-03 1.014302804506762801e+00 -5.327302949245537889e+01
1.997000000000000000e+03 7.628101743909915911e+01 1.753918711722370972e+03 -4.724572910829827066e+01 -5.456365177994396696e-04 -1.268822768416799120e-03 -2.137937598836351510e-03 1.016727103800388665e+00 -5.241071796709240260e+01
1.998000000000000000e+03 6.415722768715630764e+01 1.762851007352375746e+03 -4.719584909364027681e+01 -2.595340969216535496e-04 2.126997917912867939e-03 -7.258750378708380422e-04 1.018850067533328740e+00 -5.289436303397465622e+01
1.999000000000000000e+03 5.380346094843212512e+01 1.770871569834725278e+03 -4.719764576068252637e+01 1.496622318692660989e-03 -3.930852308942368520e-03 6.072943447841660375e-04 1.012337931106080058e+00 -5.328398719536131267e+01
2.000000000000000000e+03 4.507484831948602988e+01 1.774421196421058539e+03 -4.720442564884019987e+01 -3.823105487179248585e-03 -3.362799537243184051e-03 5.851505857100775670e-03 1.004565885842170880e+00 -5.319949711413185867e+01
2.001000000000000000e+03 3.764040790665779923e+01 1.774274428184455701e+03 -4.720299236655378650e+01 1.029208900544103036e-03 2.262984758906239069e-03 8.916658168249378888e-03 1.006303934640645714e+00 -5.329517299617170067e+01
2.002000000000000000e+03 3.136367909408925669e+01 1.774020154366940233e+03 -4.720579879333997297e+01 4.925234491768462446e-04 -2.226619937006968971e-03 1.632915841822552179e-03 1.013759796000310853e+00 -5.325464131922230848e+01
2.003000000000000000e+03 2.615667586117820065e+01 1.774732425719246748e+03 -4.719176463517504772e+01 -1.976936740514537161e-03 -3.401696190201316237e-04 1.097846936310651819e-02 1.016367700339515956e+00 -5.295481397205592344e+01
2.004000000000000000e+03 2.182694186700488004e+01 1.774203609453734543e+03 -4.718891027468031041e+01 1.750156994501286117e-03 3.898318694328687436e-03 2.810421385964613494e-02 1.015689090244085158e+00 -5.344703201451483920e+01
2.005000000000000000e+03 1.823038108769659971e+01 1.773566864412646510e+03 -4.720715052704604631e+01 6.909950126081384038e-04 1.950759090372068379e-03 2.029303175862815986e-02 1.020346024168784282e+00 -5.332503620467254990e+01
2.006000000000000000e+03 1.523600340158375488e+01 1.776047025571375343e+03 -4.721088838992826453e+01 5.035091263114967099e-04 3.916473480788451654e-04 1.545457272963792102e-02 1.029640675916386083e+00 -5.309218926757075252e+01
2.007000000000000000e+03 1.274305058362847376e+01 1.781589629151795634e+03 -4.719637722417213865e+01 -1.977562558425767199e-04 3.166268866968012432e-03 1.184409173409914362e-02 1.033460497570903858e+00 -5.289043048053964924e+01
2.008000000000000000e+03 1.066448782564572362e+01 1.787093705458382829e+03 -4.719169764277830836e+01 1.899011460078637876e-03 1.235660092175919905e-02 8.867130058350618585e-03 1.026950807919962072e+00 -5.324615746949334749e+01
2.009000000000000000e+03 8.928794081374171299e+00 1.791692222072254481e+03 -4.724248868058178630e+01 5.070977990207108099e-03 1.592291787029004703e-03 1.839487038375786599e-03 1.023605210827985612e+00 -5.391487296778119287e+01
2.010000000000000000e+03 7.484894251671329712e+00 1.797873022449215568e+03 -4.730952112390873765e+01 -3.207560105751578860e-03 -2.089623021343719675e-02 -4.173091791992386036e-03 1.032624801076695631e+00 -5.359961562595982798e+01
2.011000000000000000e+03 6.264086319201217279e+00 1.804440226930158133e+03 -4.734413193971676037e+01 -8.578608029233512899e-03 1.293638204228894813e-02 4.382482014990565257e-03 1.042112669268547398e+00 -5.343691768816161414e+01
2.012000000000000000e+03 5.219661189045350369e+00 1.808101969128644669e+03 -4.735523398563179853e+01 1.376229017927346754e-02 2.833029074183033083e-02 7.957810887764531216e-03 1.036806061228366715e+00 -5.335900084775968821e+01
2.013000000000000000e+03 4.365629851459885025e+00 1.813765855511510836e+03 -4.736430613305265069e+01 4.099656252225954665e-03 -1.028290383315077355e-02 -1.356938147544963294e-02 1.021870312522635826e+00 -5.340276164609170451e+01
2.014000000000000000e+03 3.680259318663984480e+00 1.823876572036404923e+03 -4.736402532162298229e+01 -8.763940379462669197e-03 -1.314591056919001827e-02 -1.314591056919103829e-02 1.011511089773258654e+00 -5.313716044179584230e+01
