1.357230490090321098e+02
1.732713262940588947e+03
1.059170467163914921e-02
9.881861944058778491e-01
9.707982938009637186e-01
9.981212251073992014e-01
1.023027480868231143e+00
9.628112554697938474e-01
9.403418820855921068e-01
9.737670455652217560e-01
9.881384104079879993e-01
1.000558496655554963e+00
9.923176820399313147e-01
9.722371185025088236e-01
9.899186638616744860e-01
1.006655407253643553e+00
9.927164467808380355e-01
9.705377773012414666e-01
9.569889065977240650e-01
9.580371562249804240e-01
9.646162317796910246e-01
9.764150366989580165e-01
9.965790425927892882e-01
1.001461344574333001e+00
9.671029559291117739e-01
9.542885006490529065e-01
6.185831777126449576e-08
-1.377089027234018325e-08
5.167196910249043186e-08
8.332496501108136687e-08
-1.183842155107235801e-08
-3.446482501086564336e-10
1.439979355668336567e-08
9.957286523911526454e-09
1.954190384510291923e-08
1.183560494136893928e-08
-1.106807551428509533e-10
1.579661684582414434e-08
2.952248552792252929e-08
1.543824315211201669e-08
7.538708336203756698e-09
1.227344938324872722e-09
-2.772562088576888895e-09
-4.063705122911444142e-09
-1.869848017327330616e-09
5.231618747726735818e-09
5.084195850565108082e-09
-1.078532688875967288e-08
-9.568009216347866247e-09
4.832550493996426491e-09
-1.568564897208235414e-07
1.024341703917604116e-07
1.578874385036428161e-07
-2.158369214399175067e-08
-3.498415574174540583e-09
3.533766843353694063e-09
-8.626715177876060541e-09
1.173802410523079575e-08
2.920893147211226742e-09
-1.193020550387445207e-08
3.225654700447571890e-09
1.316920734355364029e-08
8.272062120716087780e-09
6.966399663872661093e-09
4.116102717867016771e-09
6.718473667521067374e-10
-7.420314289282110495e-09
-1.412073706128884078e-08
1.280861212021537717e-08
2.013920614387542032e-08
-8.393324584673753119e-09
-9.568009216347465892e-09
7.924958591754104344e-08
-3.695704051398359347e-08
-5.639130030831101443e-08
1.081386131340071358e-07
-4.941945762358703255e-10
-9.877121417658979632e-09
6.521814623365143350e-09
-3.716698780025732907e-09
-1.889127195327641365e-09
6.323032105737814501e-09
-4.495109189622646109e-09
-3.458361146292411051e-09
5.608797613256423761e-09
2.581433657682689099e-09
2.423139740569310003e-09
1.811971783219419171e-09
7.667247010208427890e-10
-2.550611652151347522e-10
-3.753452022111447585e-09
-4.528298148330698235e-09
1.045389831611262254e-08
2.377791290507735944e-09
-6.378672810898602865e-09
9.902887234176429576e-01
1.008067587224124484e+00
1.027808550315399305e+00
1.024197323828673012e+00
1.004810320572588012e+00
1.001776399385525984e+00
1.018636187723091391e+00
1.026778102766517264e+00
1.019089900164102724e+00
1.012705614681474575e+00
1.014417658367142705e+00
1.015865792008093571e+00
1.013974680223661107e+00
1.011951351704313273e+00
1.013425130581423250e+00
1.016396176536676021e+00
1.018958648860998517e+00
1.028676773911337161e+00
1.043903051520749470e+00
1.054606600975645181e+00
1.056412156009777004e+00
1.054383787910980086e+00
1.051842132321377576e+00
1.052465737640576049e-02
1.052827929705748081e-02
1.053477384741365735e-02
1.052520796815409679e-02
1.052675968939021343e-02
1.053585907096793277e-02
1.053035426608602172e-02
1.052629418333504881e-02
1.052781642089451429e-02
1.052720535195077883e-02
1.052719667504610490e-02
1.052976652049568244e-02
1.052422616242481776e-02
1.052567427956914783e-02
1.052833586999246847e-02
1.053067602770092759e-02
1.052674493087684543e-02
1.051927272703523548e-02
1.052296698586751775e-02
1.052547923890972958e-02
1.052662658940042330e-02
1.052539682713184675e-02
1.052801442228109251e-02
