1.313249343087645116e+02
1.730288864173909133e+03
1.059173172180465777e-02
9.766624855855166043e-01
9.742710928679408910e-01
9.937213528646380301e-01
1.018349804885519960e+00
1.006156215586552438e+00
9.614724081257877142e-01
9.451321639219225634e-01
9.575025441045306174e-01
9.738395119047276172e-01
9.891861980509600860e-01
9.857283195504704665e-01
9.898727040039243530e-01
1.003144467381243521e+00
9.995398935025727738e-01
9.861891103915813028e-01
9.760930994080876388e-01
9.742353582113806310e-01
9.654558595551776534e-01
9.550045037462829844e-01
9.748004002022970793e-01
9.870391476549265075e-01
9.245909103869589529e-01
8.975401254266147655e-01
6.200560691631230512e-03
3.777900061870613935e-03
1.122552084673113584e-02
2.024252928436210894e-02
1.825112029257865707e-03
-1.325229351413278502e-03
-3.885513524223895574e-04
4.432536212646117561e-04
2.802918964659227227e-03
4.032669555765736394e-03
5.345368865211184029e-04
4.840889364955401099e-03
1.286539002652528803e-02
9.477934381131290081e-03
7.321926627975166094e-03
5.564387599865532746e-03
4.006282072739745549e-03
6.995598693486646587e-04
-1.936411902583463776e-03
2.102616270744889042e-03
3.670663261946222316e-03
-6.301524201416442740e-03
-6.074415410553153649e-03
-8.624209324212124897e-03
-2.088109195355624878e-02
-6.436474148386644306e-03
2.800122853027521216e-02
3.254829816128674939e-03
-9.746536786150370151e-04
8.654032063045082480e-04
-1.664551467269387904e-03
-1.308530139992431082e-03
1.167805903193554510e-03
-1.062896655234403217e-03
-4.196776980843826992e-04
1.473294735902516217e-03
8.192400092512735175e-04
3.819341748613053460e-04
1.748060286347720991e-03
5.704659397737320455e-03
4.881864127722134275e-04
-9.691536485135002210e-03
6.097386028564193323e-03
1.309216421759902028e-02
-4.782920348777627839e-03
-6.074415410554080859e-03
4.242417209553567270e-03
-4.857042703446452780e-03
-7.559282926181049023e-03
2.834675397015389356e-03
2.716533858514022168e-03
-3.885806210999853227e-04
-2.257731084206588659e-04
7.161419677982746798e-04
-1.695425592693698344e-03
5.357274453464686351e-04
2.494319095433618415e-04
-9.580296796999304525e-04
6.782445476436839210e-04
2.474652986914579501e-04
2.467478018280651678e-04
6.424326942064766845e-06
9.533291784157780753e-04
2.279821669394156442e-03
-1.563491248703580703e-03
-3.918026459775740718e-03
6.386360383054917426e-03
1.873399276276469785e-03
-4.049610273702808176e-03
1.006762699863594790e+00
1.011329191023895291e+00
1.017673840530646689e+00
1.020294340850319559e+00
1.016805770344024307e+00
1.013941410020930523e+00
1.013512098688666097e+00
1.007835038414223838e+00
1.001678819475513516e+00
1.003944323360995927e+00
1.011233597150197117e+00
1.014101221957382837e+00
1.014359559413229972e+00
1.019917766870337639e+00
1.029349316633522582e+00
1.032521987107625883e+00
1.025196566554362532e+00
1.021644595721693749e+00
1.031161296064020849e+00
1.041059741621774393e+00
1.035306353055199802e+00
1.019365686327371234e+00
1.008378937339158288e+00
1.052605281485596324e-02
1.052832898046344133e-02
1.053421870571462533e-02
1.052475473303794012e-02
1.052632793567167754e-02
1.053602924034246352e-02
1.053067606006641982e-02
1.052649274544225320e-02
1.052763218081597535e-02
1.052653631393798625e-02
1.052671593816153876e-02
1.052986526468045053e-02
1.052444417482767056e-02
1.052575325129657957e-02
1.052836224319598536e-02
1.053080487837705463e-02
1.052710880217894683e-02
1.051980685784357702e-02
1.052321060966196313e-02
1.052463759754287444e-02
1.052507141805513434e-02
1.052456431537635712e-02
1.052781361337558515e-02
