1.313740053127793601e+02
1.730462494885419574e+03
1.059172419968019974e-02
9.787728829573719702e-01
9.760719122361791733e-01
9.898889739447531699e-01
1.008217744904656987e+00
1.001790375246359943e+00
9.674590591420898500e-01
9.514789792123324874e-01
9.606891556528017739e-01
9.767789171151308736e-01
9.926443977827327236e-01
9.894918850567041568e-01
9.930560718770219397e-01
1.005075526153204724e+00
1.000174009744837056e+00
9.858885850339521584e-01
9.760060317918536343e-01
9.755084015024989563e-01
9.682792925629428726e-01
9.581479519971356495e-01
9.764804906830182318e-01
9.877865528634572900e-01
9.271269300061804053e-01
9.005443126278795951e-01
1.140037328587925440e-02
5.794295780813640828e-03
1.515092329042328281e-02
3.058050484852266326e-02
3.277839225673598138e-03
-2.137937598836351510e-03
-7.258750378708380422e-04
6.072943447841660375e-04
5.851505857100775670e-03
8.916658168249378888e-03
1.632915841822552179e-03
1.097846936310651819e-02
2.810421385964613494e-02
2.029303175862815986e-02
1.545457272963792102e-02
1.184409173409914362e-02
8.867130058350618585e-03
1.839487038375786599e-03
-4.173091791992386036e-03
4.382482014990565257e-03
7.957810887764531216e-03
-1.356938147544963294e-02
-1.314591056919103829e-02
-1.255743070581161192e-02
-3.221379234066638897e-02
-1.316937654089562516e-02
4.548471067747396346e-02
6.039834545332589850e-03
-1.268822768416799120e-03
2.126997917912867939e-03
-3.930852308942368520e-03
-3.362799537243184051e-03
2.262984758906239069e-03
-2.226619937006968971e-03
-3.401696190201316237e-04
3.898318694328687436e-03
1.950759090372068379e-03
3.916473480788451654e-04
3.166268866968012432e-03
1.235660092175919905e-02
1.592291787029004703e-03
-2.089623021343719675e-02
1.293638204228894813e-02
2.833029074183033083e-02
-1.028290383315077355e-02
-1.314591056919001827e-02
7.380266628066467667e-03
-7.656968560562425578e-03
-1.152521505896685061e-02
2.381351591817574848e-03
4.794146719103524988e-03
-5.456365177994396696e-04
-2.595340969216535496e-04
1.496622318692660989e-03
-3.823105487179248585e-03
1.029208900544103036e-03
4.925234491768462446e-04
-1.976936740514537161e-03
1.750156994501286117e-03
6.909950126081384038e-04
5.035091263114967099e-04
-1.977562558425767199e-04
1.899011460078637876e-03
5.070977990207108099e-03
-3.207560105751578860e-03
-8.578608029233512899e-03
1.376229017927346754e-02
4.099656252225954665e-03
-8.763940379462669197e-03
1.008958940936941273e+00
1.010739548807356281e+00
1.013016298925027092e+00
1.014300845483713021e+00
1.014302804506762801e+00
1.016727103800388665e+00
1.018850067533328740e+00
1.012337931106080058e+00
1.004565885842170880e+00
1.006303934640645714e+00
1.013759796000310853e+00
1.016367700339515956e+00
1.015689090244085158e+00
1.020346024168784282e+00
1.029640675916386083e+00
1.033460497570903858e+00
1.026950807919962072e+00
1.023605210827985612e+00
1.032624801076695631e+00
1.042112669268547398e+00
1.036806061228366715e+00
1.021870312522635826e+00
1.011511089773258654e+00
1.052565080512265355e-02
1.052823317748355011e-02
1.053429176674544263e-02
1.052508480570779614e-02
1.052657273406695966e-02
1.053605967962588028e-02
1.053073875445437353e-02
1.052645217886475498e-02
1.052738172683539281e-02
1.052632911412918967e-02
1.052677503825771854e-02
1.053007368644059624e-02
1.052465837779724238e-02
1.052600056281694819e-02
1.052856231012792333e-02
1.053078201951712992e-02
1.052686837639519278e-02
1.051951120726659673e-02
1.052297966388857260e-02
1.052476965468635006e-02
1.052562688776541126e-02
1.052514543613754586e-02
1.052806754500274292e-02
