1.313792798890301299e+02
1.729409988913976576e+03
1.059174295061174852e-02
9.780631945396640603e-01
9.762632390907399760e-01
9.879665141493488845e-01
1.002416580391777501e+00
9.986402081715439749e-01
9.714933969884884668e-01
9.554753815153443908e-01
9.625098506352147698e-01
9.796350828686299916e-01
9.957509903380881155e-01
9.935890194011749443e-01
9.954989402549542232e-01
1.004428985268041030e+00
9.994658515045986569e-01
9.862084271428892546e-01
9.765894799733104703e-01
9.751460088583024932e-01
9.692121697368079047e-01
9.625810270875854169e-01
9.792788656349153964e-01
9.868245078253755631e-01
9.325178258993529479e-01
9.078422030834799594e-01
1.738123153637128465e-02
7.478448731341240559e-03
1.613458690709665064e-02
3.722204396137490656e-02
5.073077611641744686e-03
-2.358795980756991147e-03
-1.178191496377171445e-03
4.374754493843578998e-04
1.042366344838534069e-02
1.575344399286996225e-02
2.086434541904742725e-03
1.809574604125433611e-02
4.818102123071304338e-02
3.406813567600986553e-02
2.546956887829852911e-02
1.952937727121545688e-02
1.468522311182863214e-02
2.589687634447444039e-03
-7.327723053086693424e-03
8.966256998894157199e-03
1.574480950315492594e-02
-2.346006903091911108e-02
-2.340972925960499787e-02
-1.651154409923086264e-02
-4.036625942657726812e-02
-2.058084289742435555e-02
5.818438690549564141e-02
9.385180337896417355e-03
-6.374703551969423954e-05
3.998915720662030507e-03
-8.184504144171015835e-03
-6.761183776428151410e-03
3.799082191201276233e-03
-3.683050850413433028e-03
1.867464025456371001e-04
7.916690630424228978e-03
3.742504732882870940e-03
3.594975676851825167e-04
5.349304730202249399e-03
2.142670278928531652e-02
1.359082739238833947e-03
-3.905718046105917385e-02
2.289622511888150455e-02
5.184739372120879264e-02
-1.760763671601909414e-02
-2.340972925960488338e-02
1.063821923292150931e-02
-1.052204677903427477e-02
-1.366855956003826776e-02
-4.510290856361371054e-05
6.663110319065678258e-03
-2.888323156741644227e-04
2.129330320626381101e-04
2.188470403292271625e-03
-7.098748892306071256e-03
1.686640441117161346e-03
8.691559565841520951e-04
-3.324523190193422444e-03
3.449020791889754849e-03
1.488912499812626838e-03
8.311183675393978357e-04
-4.825013946025848003e-04
3.330385999218934100e-03
8.763266021576888304e-03
-6.285768689667654320e-03
-1.580188129416314549e-02
2.485282509873457460e-02
7.769683238987975561e-03
-1.560648617306840437e-02
1.013344766217785908e+00
1.012562776427548661e+00
1.010805771363142647e+00
1.009953364010101273e+00
1.011731637831961184e+00
1.017306503428866415e+00
1.021038890310194791e+00
1.015250746477715182e+00
1.007762371345967578e+00
1.009208483478687857e+00
1.016394996865473521e+00
1.019227039005532909e+00
1.017999884110392328e+00
1.020284933240387382e+00
1.026906161706248266e+00
1.030689038455500750e+00
1.027712213121912521e+00
1.027499087219365226e+00
1.035815907147322967e+00
1.042912755523892621e+00
1.037986216345302415e+00
1.026061975633402401e+00
1.017849821593533433e+00
1.052628314592001478e-02
1.052794330127270091e-02
1.053427921306003892e-02
1.052519548265393179e-02
1.052623336560326063e-02
1.053545696927533915e-02
1.053035367838231484e-02
1.052696654410077530e-02
1.052836135714216650e-02
1.052665832127504947e-02
1.052648214523932424e-02
1.052980867142123099e-02
1.052471986312293432e-02
1.052613356915607472e-02
1.052834205405345051e-02
1.053054298075217603e-02
1.052709570546345869e-02
1.051983663916670163e-02
1.052297651347080393e-02
1.052450537599972785e-02
1.052565607037025258e-02
1.052569111625770507e-02
1.052842608449428008e-02
