1.357983049430321500e+02
1.732189768645648428e+03
1.059170256654689765e-02
9.899267128863854515e-01
9.724739922642320344e-01
9.947013402282935957e-01
1.016867534615653934e+00
9.643017090131473790e-01
9.460580247674024168e-01
9.752540272346906791e-01
9.883433730928905536e-01
1.002746127700369971e+00
9.947874029825717335e-01
9.736689910920508506e-01
9.910843395748294427e-01
1.008172502569310902e+00
9.940110624067348688e-01
9.709796952237322865e-01
9.568156417572032391e-01
9.579566729312104512e-01
9.649339038309594496e-01
9.769040831680216863e-01
9.969375845970315231e-01
1.001672330931857147e+00
9.672455403895794390e-01
9.544334305423051168e-01
3.334193577340749046e-03
-8.752405427880504026e-04
2.719249620902754530e-03
4.377353059380896527e-03
-7.030021567245740627e-04
-1.659431075871514139e-05
8.210727112380877954e-04
6.277171901884362557e-04
1.249865415334631665e-03
7.455145043212178888e-04
8.766966549009478062e-06
9.898249837440534910e-04
1.838619357545228988e-03
9.658146891464659736e-04
4.649609863468567232e-04
7.220907744879822849e-05
-1.687848301073244879e-04
-2.458588849726802100e-04
-1.173552103989695857e-04
3.098553589416396968e-04
3.037774562824354751e-04
-6.587254695981403004e-04
-5.831761351220416225e-04
1.833790440724187090e-04
-8.712039747017454386e-03
5.936837082982616802e-03
8.789121710439639842e-03
-1.205170727298029727e-03
-1.939849315901022789e-04
1.080028622815622610e-04
-5.404809253884615807e-04
7.637147250295002769e-04
1.882474046575508778e-04
-7.434809175179936868e-04
1.903975426306118307e-04
8.254949280477112379e-04
5.288715983187315672e-04
4.301549568615712347e-04
2.445432007087224350e-04
4.096405468444361492e-05
-4.410082788669335632e-04
-8.546307969376758934e-04
7.749524046516700036e-04
1.221727998214661897e-03
-5.129314358176097557e-04
-5.831761351220976757e-04
4.490319456428287087e-03
-2.123310664003943624e-03
-3.073121878755795400e-03
6.098167042778915650e-03
-4.096426509512704587e-05
-5.420059072263339051e-04
3.567256541435974274e-04
-2.540182439409849314e-04
-9.870934634286772185e-05
3.956436366857168365e-04
-2.775129678298323853e-04
-2.181409771821513533e-04
3.450726722692668176e-04
1.671121215765354010e-04
1.532134754528944741e-04
1.089539834061161952e-04
4.448089790943284271e-05
-1.373722249584708496e-05
-2.242146373990352233e-04
-2.764313817809300002e-04
6.344530545722912307e-04
1.440258220565677463e-04
-3.887840900813939330e-04
9.949068800174885041e-01
1.009434667490566984e+00
1.024658386522240283e+00
1.019869839360030950e+00
1.003919541779393132e+00
1.004987251036262297e+00
1.022638391052428819e+00
1.028819206534391961e+00
1.019569939419965987e+00
1.013411924593121682e+00
1.016019469003309972e+00
1.017648175265375876e+00
1.015132141055530068e+00
1.012432618669064199e+00
1.013711166992088408e+00
1.016817879143207426e+00
1.019398578166446745e+00
1.028900366137935674e+00
1.043870990857263648e+00
1.054527668777666571e+00
1.056565415120897633e+00
1.054889822296154245e+00
1.052562442190819292e+00
1.052469796048960231e-02
1.052849124237363425e-02
1.053477090625929043e-02
1.052511814073032147e-02
1.052663976098796791e-02
1.053582127252867921e-02
1.053056992487010936e-02
1.052645447234523690e-02
1.052766565280605603e-02
1.052714057125249923e-02
1.052735098852623959e-02
1.052987545667695250e-02
1.052419893963954522e-02
1.052560509582644091e-02
1.052836611000988222e-02
1.053074402124940141e-02
1.052680096778276994e-02
1.051928700937321444e-02
1.052288404545546896e-02
1.052546330014337075e-02
1.052667987184225350e-02
1.052539361141506015e-02
1.052798428693361467e-02
