1.362397124022371599e+02
1.731537749037633603e+03
1.059171674724099406e-02
9.921719282265759610e-01
9.792705523525591094e-01
9.841703566455224372e-01
9.935516189985310609e-01
9.757770976846189548e-01
9.733886160819961164e-01
9.829600735845384074e-01
9.908454536610274976e-01
1.009239700387298377e+00
1.003351509719611068e+00
9.819657742186098659e-01
9.946613097611135546e-01
1.008727305872803015e+00
9.951724201775814516e-01
9.730865000386698105e-01
9.601438862028003340e-01
9.627240163289972896e-01
9.703251282178796400e-01
9.806112048626299815e-01
9.972585556868944767e-01
1.001522234822548318e+00
9.721076798982462019e-01
9.606452067394081196e-01
2.697106185821069105e-02
-1.229521492166581881e-02
4.854145480503803227e-03
1.971564118145679653e-02
-5.112970204346057104e-03
2.819875076589248297e-03
1.058252998987538156e-02
1.024279955903469909e-02
1.852714519326169318e-02
1.108500245121720948e-02
1.349240678356200020e-03
1.530407357186016649e-02
2.612668958859740154e-02
1.238478563617607074e-02
5.042390860820153767e-03
1.502612379188446496e-04
-2.385339564993431589e-03
-3.232508509461232138e-03
-1.854114358158035587e-03
4.045434858523047454e-03
4.611441225535328238e-03
-8.889125293186434656e-03
-8.159825834289851504e-03
9.904900658458509408e-03
-5.750288613069410443e-02
4.763744305047944161e-02
5.778776622431666676e-02
-1.068385190002457512e-02
-8.606930340818591280e-04
-8.339456319332494341e-04
-6.662608054518676451e-03
1.056753686493690399e-02
1.629671275851928393e-03
-1.030838802691056919e-02
4.772405572426359315e-03
1.370547347484376774e-02
7.692300930398154359e-03
4.954229143268882099e-03
2.304006467401623418e-03
6.106560124975874944e-04
-5.389961248354905622e-03
-1.238970711101660370e-02
1.003945391470606116e-02
1.737349758478791764e-02
-6.849168834614729855e-03
-8.159825834289768237e-03
3.643718830327628139e-02
-1.450222409661648150e-02
-1.987719526934785333e-02
4.478470389121359113e-02
-1.073985926391550234e-03
-4.299594438681036274e-03
3.220605986675529556e-03
-3.369292612334668074e-03
-9.958427984866672321e-04
5.233700658357407637e-03
-4.260360044971410638e-03
-2.611898639635309646e-03
5.793502354586674979e-03
2.722125278775740058e-03
1.987627456013287951e-03
1.072919767311007137e-03
3.809243832066873977e-04
2.094370010014627142e-05
-2.891400959202116740e-03
-4.294723025179493330e-03
8.790153841320251515e-03
2.233742305498608981e-03
-5.439883889526564778e-03
1.003607749508574676e+00
1.009322132842183084e+00
1.013739354563000239e+00
1.010366520107314425e+00
1.008870142233071032e+00
1.020973507925549528e+00
1.035767204907144468e+00
1.033713508814923188e+00
1.022192721558462525e+00
1.019253499597587709e+00
1.023457003772167972e+00
1.022219152683559562e+00
1.015674132147334596e+00
1.011932319015968140e+00
1.015379656337324299e+00
1.021226003257521775e+00
1.024774817903505886e+00
1.032631452028770713e+00
1.045020131541271935e+00
1.054690134426835790e+00
1.058237445045527858e+00
1.059029146585122483e+00
1.058155208149987869e+00
1.052526578767653057e-02
1.052809430777468247e-02
1.053426628970558984e-02
1.052561929680335961e-02
1.052695403364662177e-02
1.053551674347410344e-02
1.053057592104984438e-02
1.052682494197321704e-02
1.052786866006939250e-02
1.052725525170738335e-02
1.052752173097042630e-02
1.052999227128872950e-02
1.052420056481216497e-02
1.052561481065924544e-02
1.052817912492383726e-02
1.053063484888912445e-02
1.052732699805482980e-02
1.051990303084890388e-02
1.052277753584083056e-02
1.052479027707403647e-02
1.052646262679631482e-02
1.052604425006195207e-02
1.052849763513553742e-02
