1.992000000000000000e+03 1.344593895749166563e+02 1.733216839386577703e+03 -4.735714626640707792e+01 9.881861944058778491e-01 6.185831777126449576e-08 4.832550493996426491e-09 7.924958591754104344e-08 9.902887234176429576e-01 -5.344712303430520706e+01
1.993000000000000000e+03 1.283035847068821909e+02 1.737428297558879194e+03 -4.735505464851775059e+01 9.707982938009637186e-01 -1.377089027234018325e-08 -1.568564897208235414e-07 -3.695704051398359347e-08 1.008067587224124484e+00 -5.311791345906058126e+01
1.994000000000000000e+03 1.173402967385407152e+02 1.743972200699588257e+03 -4.730783473094435010e+01 9.981212251073992014e-01 5.167196910249043186e-08 1.024341703917604116e-07 -5.639130030831101443e-08 1.027808550315399305e+00 -5.252759405956164329e+01
1.995000000000000000e+03 1.052639620192233991e+02 1.746951848081575918e+03 -4.727803442371525477e+01 1.023027480868231143e+00 8.332496501108136687e-08 1.578874385036428161e-07 1.081386131340071358e-07 1.024197323828673012e+00 -5.339707789792535664e+01
1.996000000000000000e+03 9.224588654686625944e+01 1.750408357968572318e+03 -4.729069337648306259e+01 9.628112554697938474e-01 -1.183842155107235801e-08 -2.158369214399175067e-08 -4.941945762358703255e-10 1.004810320572588012e+00 -5.325603643460219416e+01
1.997000000000000000e+03 7.850076121906771220e+01 1.758184839553443680e+03 -4.725110523342635105e+01 9.403418820855921068e-01 -3.446482501086564336e-10 -3.498415574174540583e-09 -9.877121417658979632e-09 1.001776399385525984e+00 -5.242895236933331660e+01
1.998000000000000000e+03 6.581109279918003097e+01 1.765487065823033390e+03 -4.719864257948292163e+01 9.737670455652217560e-01 1.439979355668336567e-08 3.533766843353694063e-09 6.521814623365143350e-09 1.018636187723091391e+00 -5.292931087187635342e+01
1.999000000000000000e+03 5.485240680563280335e+01 1.770420424189574078e+03 -4.719856477747619294e+01 9.881384104079879993e-01 9.957286523911526454e-09 -8.626715177876060541e-09 -3.716698780025732907e-09 1.026778102766517264e+00 -5.329834798241939353e+01
2.000000000000000000e+03 4.566160489013160628e+01 1.772534404961565770e+03 -4.720476621703018338e+01 1.000558496655554963e+00 1.954190384510291923e-08 1.173802410523079575e-08 -1.889127195327641365e-09 1.019089900164102724e+00 -5.315998609569761157e+01
2.001000000000000000e+03 3.797626594330987615e+01 1.772702905100222551e+03 -4.720007740430498444e+01 9.923176820399313147e-01 1.183560494136893928e-08 2.920893147211226742e-09 6.323032105737814501e-09 1.012705614681474575e+00 -5.321552849727906676e+01
2.002000000000000000e+03 3.162175183271421020e+01 1.774843145355782553e+03 -4.720237318261754922e+01 9.722371185025088236e-01 -1.106807551428509533e-10 -1.193020550387445207e-08 -4.495109189622646109e-09 1.014417658367142705e+00 -5.321631717395292327e+01
2.003000000000000000e+03 2.636138484202079724e+01 1.777187510495863762e+03 -4.719118479121975440e+01 9.899186638616744860e-01 1.579661684582414434e-08 3.225654700447571890e-09 -3.458361146292411051e-09 1.015865792008093571e+00 -5.298273359965344298e+01
2.004000000000000000e+03 2.196432305511008565e+01 1.776281540714188850e+03 -4.719080195692182400e+01 1.006655407253643553e+00 2.952248552792252929e-08 1.316920734355364029e-08 5.608797613256423761e-09 1.013974680223661107e+00 -5.348631748488941184e+01
2.005000000000000000e+03 1.833048942704520101e+01 1.774910689027564331e+03 -4.720963277220779730e+01 9.927164467808380355e-01 1.543824315211201669e-08 8.272062120716087780e-09 2.581433657682689099e-09 1.011951351704313273e+00 -5.335469324102537314e+01
2.006000000000000000e+03 1.533938572981783643e+01 1.776744804162743321e+03 -4.721143421817197350e+01 9.705377773012414666e-01 7.538708336203756698e-09 6.966399663872661093e-09 2.423139740569310003e-09 1.013425130581423250e+00 -5.311277131959168685e+01
2.007000000000000000e+03 1.286522418153643343e+01 1.781855753417974938e+03 -4.719389558920783401e+01 9.569889065977240650e-01 1.227344938324872722e-09 4.116102717867016771e-09 1.811971783219419171e-09 1.016396176536676021e+00 -5.290006454617846288e+01
2.008000000000000000e+03 1.079780970077884383e+01 1.787994671079714408e+03 -4.718906028226665939e+01 9.580371562249804240e-01 -2.772562088576888895e-09 6.718473667521067374e-10 7.667247010208427890e-10 1.018958648860998517e+00 -5.325737789046858239e+01
2.009000000000000000e+03 9.052307072512070008e+00 1.794024612900524289e+03 -4.724442475505819061e+01 9.646162317796910246e-01 -4.063705122911444142e-09 -7.420314289282110495e-09 -2.550611652151347522e-10 1.028676773911337161e+00 -5.393654899557964910e+01
2.010000000000000000e+03 7.570187799652694949e+00 1.800276577613600466e+03 -4.731452828466431271e+01 9.764150366989580165e-01 -1.869848017327330616e-09 -1.412073706128884078e-08 -3.753452022111447585e-09 1.043903051520749470e+00 -5.360076796938273702e+01
2.011000000000000000e+03 6.307027545177341210e+00 1.805607005983500358e+03 -4.734526930970317693e+01 9.965790425927892882e-01 5.231618747726735818e-09 1.280861212021537717e-08 -4.528298148330698235e-09 1.054606600975645181e+00 -5.337242116582097395e+01
2.012000000000000000e+03 5.238803347753060002e+00 1.809413008221552445e+03 -4.735143596181268322e+01 1.001461344574333001e+00 5.084195850565108082e-09 2.013920614387542032e-08 1.045389831611262254e-08 1.056412156009777004e+00 -5.326813438351585006e+01
2.013000000000000000e+03 4.359171495975354915e+00 1.815401151314656545e+03 -4.736131245355157660e+01 9.671029559291117739e-01 -1.078532688875967288e-08 -8.393324584673753119e-09 2.377791290507735944e-09 1.054383787910980086e+00 -5.337991185722490428e+01
2.014000000000000000e+03 3.639471224805745475e+00 1.824344716651380395e+03 -4.736638028198370165e+01 9.542885006490529065e-01 -9.568009216347866247e-09 -9.568009216347465892e-09 -6.378672810898602865e-09 1.051842132321377576e+00 -5.314198897502553365e+01
