1.992000000000000000e+03 1.306801692377392783e+02 1.733599066684268109e+03 -4.735627038970302749e+01 1.514952746931505761e-03 -1.465067631525280439e-03 3.140577338141103091e-03 1.004639787650686289e+00 -5.335637269648296410e+01
1.993000000000000000e+03 1.253088927719435759e+02 1.740250663977060867e+03 -4.736027361442241101e+01 -1.211194355974637860e-03 -6.937513397045153886e-03 1.551876199303792213e-03 1.012619965967548108e+00 -5.318761068091104960e+01
1.994000000000000000e+03 1.148612497460232049e+02 1.746035131510819156e+03 -4.731410935621349267e+01 -2.847185165493317308e-03 -2.155518915194905467e-03 3.866478007624251940e-03 1.023839648329916363e+00 -5.251822756601298892e+01
1.995000000000000000e+03 1.030790342895521121e+02 1.747995412109537938e+03 -4.727815483575903244e+01 1.223076600012274915e-03 9.745228370046949556e-03 7.287591516470485684e-03 1.028139747084292566e+00 -5.334870156228910076e+01
1.996000000000000000e+03 8.997159916930407064e+01 1.748652158660005171e+03 -4.728456250165835684e+01 9.048488103532153918e-04 9.366616468762115413e-04 6.203802627661672434e-04 1.020970697212005618e+00 -5.325073934680957422e+01
1.997000000000000000e+03 7.626392816828006005e+01 1.754036642640880928e+03 -4.724261861305900823e+01 -1.993259642614595860e-04 -4.506220326151178239e-04 -4.323824954938683559e-04 1.011618667963750662e+00 -5.240857279811928038e+01
1.998000000000000000e+03 6.413571850478355429e+01 1.763453655248610403e+03 -4.719657453086622922e+01 -8.738177850137954087e-05 2.975009858652691622e-04 -3.847075940778042313e-05 1.007046212937874108e+00 -5.297075365207082598e+01
1.999000000000000000e+03 5.382251876114089129e+01 1.770838651558071660e+03 -4.720146059858798537e+01 2.549032841776778719e-04 -3.392070670950746202e-04 2.130465897742152433e-04 1.002253222080771389e+00 -5.333442966309331723e+01
2.000000000000000000e+03 4.508313096408794252e+01 1.773779188666827167e+03 -4.720514106398221088e+01 -4.466812339857381079e-04 -3.361707722924658741e-04 7.720680941471115425e-04 9.988397632514417479e-01 -5.315941886602348632e+01
2.001000000000000000e+03 3.764225146558737833e+01 1.773813346050952077e+03 -4.720017662997999253e+01 1.448663457809678558e-04 3.080313893700120415e-04 1.043038453518343144e-03 1.001982477712961561e+00 -5.328727395655607779e+01
2.002000000000000000e+03 3.136156037213609338e+01 1.773969715133354612e+03 -4.720508455095240663e+01 6.213758417537524681e-05 -2.889215579227787036e-04 -1.081346051991640530e-05 1.008493720405412741e+00 -5.329993946781363690e+01
2.003000000000000000e+03 2.614954208187897322e+01 1.774906290875903323e+03 -4.719353354637989639e+01 -2.547519561238262720e-04 -9.060244661357179266e-05 1.186100612542890153e-03 1.011173453508708686e+00 -5.296736767920051392e+01
2.004000000000000000e+03 2.182314127865530295e+01 1.774631796819894817e+03 -4.719014564148527313e+01 1.943503250481307804e-04 3.803436326872909590e-04 3.436429488226398505e-03 1.012074189996172269e+00 -5.343990649758301004e+01
2.005000000000000000e+03 1.822926892778835395e+01 1.774199923754684960e+03 -4.720614127774047830e+01 4.820807876454690351e-05 1.392097923340705073e-04 2.516994183266788292e-03 1.017654506680390147e+00 -5.330481915573137286e+01
2.006000000000000000e+03 1.523570911868173638e+01 1.776392873827216135e+03 -4.720912732273352219e+01 3.684219737848019551e-05 7.146629725724038473e-05 1.977145479100601237e-03 1.026222028999896896e+00 -5.312093751016433174e+01
2.007000000000000000e+03 1.274311592527726233e+01 1.781174855631833907e+03 -4.719604844978741909e+01 8.812158541705493263e-06 5.567085401044434253e-04 1.537893157301659141e-03 1.029418617063797559e+00 -5.292427567695357027e+01
2.008000000000000000e+03 1.066558813585745646e+01 1.786219752087208008e+03 -4.719138299514280277e+01 2.980430689987943684e-04 1.609998000554915777e-03 1.082678206766459969e-03 1.024601178925007350e+00 -5.323944420420245649e+01
2.009000000000000000e+03 8.932670821469598010e+00 1.791246704386595866e+03 -4.724218834240900833e+01 6.202311450969164204e-04 -1.770738696022226927e-05 1.327137488912669941e-04 1.023897010533598051e+00 -5.390800558482366966e+01
2.010000000000000000e+03 7.486948846020128556e+00 1.798177257397815083e+03 -4.731025900410023866e+01 -5.056288557895965681e-04 -2.881262729386130372e-03 -5.370581792637031454e-04 1.033412652532853082e+00 -5.359519864099549125e+01
2.011000000000000000e+03 6.262533393627593092e+00 1.804940773704619460e+03 -4.734680064452467718e+01 -1.132170371040767173e-03 1.773443007453289486e-03 7.026809002591836214e-04 1.040653287721278186e+00 -5.347203070637962696e+01
2.012000000000000000e+03 5.219601554240112407e+00 1.808325026317972060e+03 -4.735886376575726331e+01 1.851572567474531021e-03 3.819548262482513022e-03 1.143700246047110519e-03 1.032653783948791482e+00 -5.336954647928593687e+01
2.013000000000000000e+03 4.366808453257753797e+00 1.813717047865413178e+03 -4.736346346155628595e+01 5.558343526774274686e-04 -1.329462895000495378e-03 -1.762105779803543925e-03 1.016170995106806529e+00 -5.335207805268815662e+01
2.014000000000000000e+03 3.679792742626274205e+00 1.823711557860603762e+03 -4.735661092684173923e+01 -1.153714359475374943e-03 -1.730571539213301372e-03 -1.730571539213345824e-03 1.005314061355450983e+00 -5.309579677153830346e+01
