1.313871980072609915e+02
1.730927523813217249e+03
1.059173478275941133e-02
9.750769971669005498e-01
9.735124099404859344e-01
1.003368518574784485e+00
1.037594341545049481e+00
1.011745784452867003e+00
9.495414926747962614e-01
9.353807199453330057e-01
9.538797517341216503e-01
9.688732548832904579e-01
9.813657126129672337e-01
9.788532107954535100e-01
9.841238995334178341e-01
9.970400011464580770e-01
9.944889075479165230e-01
9.838666991315989652e-01
9.761883632500064634e-01
9.741179563945198128e-01
9.642795555812903041e-01
9.546975681177296558e-01
9.748726317692196774e-01
9.847310018424740852e-01
9.210356950443961965e-01
8.928725614011462364e-01
5.047252523855570121e-08
2.416589442056758675e-08
7.516171787124305546e-08
1.381556926777205679e-07
9.933170823517722732e-09
-8.218753321703126293e-09
6.247390031974937968e-10
4.331561780433664274e-09
1.169520517672929251e-08
1.650955734496267582e-08
2.438193051535213069e-10
1.922676519431215587e-08
5.459538646787876955e-08
3.994349394007466333e-08
3.188763723569782394e-08
2.516204564953907784e-08
1.776391135427239132e-08
2.198841743882101846e-09
-8.934452124460522473e-09
1.075867158060168832e-08
1.802367200831524746e-08
-2.819656041915968985e-08
-2.764106192576823849e-08
-3.372028259716433977e-08
-1.360142197085805845e-07
-2.898057940462871229e-08
1.873682608274110096e-07
1.378137524033575025e-08
-1.023979938333851116e-08
6.337118195978234189e-09
-3.666848653433171352e-09
-5.970947503349183134e-09
4.504666775495686040e-09
-4.163183271094004240e-09
-8.755373049774054034e-10
5.590706111106712096e-09
1.268619765007643145e-09
7.300392870597433286e-10
9.121057134067108696e-09
2.640761631531182690e-08
3.634685862245878962e-10
-4.597310077568674957e-08
2.798899663854050758e-08
6.077585043388615493e-08
-2.128629493771630508e-08
-2.764106192577151743e-08
2.916778699142392884e-08
-2.510600293785607216e-08
-5.468672531796819466e-08
3.067407712160469731e-08
1.616901711907906101e-08
-4.962705830195521047e-09
-1.611104774468097039e-09
5.206493840186674835e-09
-7.104555351346390599e-09
2.033323106917368515e-09
9.962368424758291738e-10
-3.771692356537543549e-09
3.188000819884709309e-09
4.389430624054275412e-10
3.360550219305976430e-10
1.228887610355638328e-10
4.900784124926752927e-09
1.016343473489046270e-08
-7.936897875261023778e-09
-1.816946878015572467e-08
2.946303989801065544e-08
8.843354979664662144e-09
-1.842737461717934072e-08
1.000873919558161074e+00
1.011768153720813190e+00
1.027281694505332910e+00
1.033250624202872059e+00
1.023231279067008836e+00
1.009343882653759072e+00
1.002633694654806007e+00
9.988144074424948338e-01
9.972445198288235613e-01
1.000990613410454921e+00
1.006682631855099208e+00
1.008382550604924432e+00
1.009410498413897184e+00
1.016307562827718280e+00
1.026301551038064863e+00
1.029914513751290395e+00
1.024406934663942392e+00
1.022988422049904367e+00
1.032626702890398152e+00
1.040464104272059265e+00
1.032661193604134109e+00
1.015878721136631357e+00
1.004753949274635350e+00
1.052553165625435237e-02
1.052755020107918639e-02
1.053488411522410760e-02
1.052583803948266630e-02
1.052692070035109694e-02
1.053597292543452871e-02
1.052977213801124107e-02
1.052579750215222251e-02
1.052776258756719062e-02
1.052649463056781406e-02
1.052630510023491207e-02
1.052978363558529362e-02
1.052459746087103763e-02
1.052625654287450523e-02
1.052835502657829478e-02
1.053040318129593728e-02
1.052683768282039641e-02
1.051949843679584121e-02
1.052294642243365580e-02
1.052436882583946028e-02
1.052563492715059487e-02
1.052586993803348442e-02
1.052860642688437792e-02
