1.314241962790742946e+02
1.730511425651477339e+03
1.059173886078872660e-02
9.763874635541326397e-01
9.746718780964315210e-01
1.000043353652449118e+00
1.030498354617528811e+00
1.010373563830906374e+00
9.546525371985336017e-01
9.384134626145234082e-01
9.547976242523855683e-01
9.715685028927477651e-01
9.849914674710351647e-01
9.817690143553133852e-01
9.860462236298480621e-01
9.986643449185719223e-01
9.962474910901759628e-01
9.851546482001793947e-01
9.764919726857920201e-01
9.736279749078998735e-01
9.640575398531410212e-01
9.554716350602988628e-01
9.756339268838953860e-01
9.847618924930712225e-01
9.217839971339845118e-01
8.938044321258903357e-01
3.140577338141103091e-03
1.551876199303792213e-03
3.866478007624251940e-03
7.287591516470485684e-03
6.203802627661672434e-04
-4.323824954938683559e-04
-3.847075940778042313e-05
2.130465897742152433e-04
7.720680941471115425e-04
1.043038453518343144e-03
-1.081346051991640530e-05
1.186100612542890153e-03
3.436429488226398505e-03
2.516994183266788292e-03
1.977145479100601237e-03
1.537893157301659141e-03
1.082678206766459969e-03
1.327137488912669941e-04
-5.370581792637031454e-04
7.026809002591836214e-04
1.143700246047110519e-03
-1.762105779803543925e-03
-1.730571539213345824e-03
-1.465067631525280439e-03
-6.937513397045153886e-03
-2.155518915194905467e-03
9.745228370046949556e-03
9.366616468762115413e-04
-4.506220326151178239e-04
2.975009858652691622e-04
-3.392070670950746202e-04
-3.361707722924658741e-04
3.080313893700120415e-04
-2.889215579227787036e-04
-9.060244661357179266e-05
3.803436326872909590e-04
1.392097923340705073e-04
7.146629725724038473e-05
5.567085401044434253e-04
1.609998000554915777e-03
-1.770738696022226927e-05
-2.881262729386130372e-03
1.773443007453289486e-03
3.819548262482513022e-03
-1.329462895000495378e-03
-1.730571539213301372e-03
1.514952746931505761e-03
-1.211194355974637860e-03
-2.847185165493317308e-03
1.223076600012274915e-03
9.048488103532153918e-04
-1.993259642614595860e-04
-8.738177850137954087e-05
2.549032841776778719e-04
-4.466812339857381079e-04
1.448663457809678558e-04
6.213758417537524681e-05
-2.547519561238262720e-04
1.943503250481307804e-04
4.820807876454690351e-05
3.684219737848019551e-05
8.812158541705493263e-06
2.980430689987943684e-04
6.202311450969164204e-04
-5.056288557895965681e-04
-1.132170371040767173e-03
1.851572567474531021e-03
5.558343526774274686e-04
-1.153714359475374943e-03
1.004639787650686289e+00
1.012619965967548108e+00
1.023839648329916363e+00
1.028139747084292566e+00
1.020970697212005618e+00
1.011618667963750662e+00
1.007046212937874108e+00
1.002253222080771389e+00
9.988397632514417479e-01
1.001982477712961561e+00
1.008493720405412741e+00
1.011173453508708686e+00
1.012074189996172269e+00
1.017654506680390147e+00
1.026222028999896896e+00
1.029418617063797559e+00
1.024601178925007350e+00
1.023897010533598051e+00
1.033412652532853082e+00
1.040653287721278186e+00
1.032653783948791482e+00
1.016170995106806529e+00
1.005314061355450983e+00
1.052565580239005205e-02
1.052751249955897854e-02
1.053487689460887861e-02
1.052574019933567688e-02
1.052681796721894117e-02
1.053608328003600644e-02
1.052989832141453669e-02
1.052589721710854576e-02
1.052782266146409275e-02
1.052641601834584072e-02
1.052627667401460215e-02
1.052993557318514586e-02
1.052473677208235099e-02
1.052622298830319450e-02
1.052824602696376434e-02
1.053040966220321513e-02
1.052694223479589027e-02
1.051958676237161813e-02
1.052302825931923126e-02
1.052438334437916061e-02
1.052551086589689766e-02
1.052570305157423704e-02
1.052852262100790505e-02
