1.992000000000000000e+03 1.343773927724157318e+02 1.733118542689537890e+03 -4.735696523661226109e+01 3.643718830327628139e-02 9.904900658458509408e-03 2.697106185821069105e-02 1.003607749508574676e+00 -5.339182248377583306e+01
1.993000000000000000e+03 1.281122497808612763e+02 1.737710913474876406e+03 -4.735531987442709578e+01 -1.450222409661648150e-02 -5.750288613069410443e-02 -1.229521492166581881e-02 1.009322132842183084e+00 -5.313472786793571601e+01
1.994000000000000000e+03 1.176313951343713740e+02 1.743422273372570316e+03 -4.730903349717774375e+01 -1.987719526934785333e-02 4.763744305047944161e-02 4.854145480503803227e-03 1.013739354563000239e+00 -5.257372858126563386e+01
1.995000000000000000e+03 1.052686586348373794e+02 1.747373328887904108e+03 -4.727850787604359795e+01 4.478470389121359113e-02 5.778776622431666676e-02 1.971564118145679653e-02 1.010366520107314425e+00 -5.335969081680191550e+01
1.996000000000000000e+03 9.212191436725716187e+01 1.751159046494597533e+03 -4.728715271705652157e+01 -1.073985926391550234e-03 -1.068385190002457512e-02 -5.112970204346057104e-03 1.008870142233071032e+00 -5.323837176259515758e+01
1.997000000000000000e+03 7.854401320749681759e+01 1.757269979975137630e+03 -4.724750477257255454e+01 -4.299594438681036274e-03 -8.606930340818591280e-04 2.819875076589248297e-03 1.020973507925549528e+00 -5.246006834338579239e+01
1.998000000000000000e+03 6.581372925962716636e+01 1.764739854275737116e+03 -4.719998752292043065e+01 3.220605986675529556e-03 -8.339456319332494341e-04 1.058252998987538156e-02 1.035767204907144468e+00 -5.290916368119735580e+01
1.999000000000000000e+03 5.485044492089446067e+01 1.771120238050972830e+03 -4.720139918661836731e+01 -3.369292612334668074e-03 -6.662608054518676451e-03 1.024279955903469909e-02 1.033713508814923188e+00 -5.325010538550778705e+01
2.000000000000000000e+03 4.567000140937858532e+01 1.773159222639386826e+03 -4.720524279234594900e+01 -9.958427984866672321e-04 1.056753686493690399e-02 1.852714519326169318e-02 1.022192721558462525e+00 -5.315523787341580686e+01
2.001000000000000000e+03 3.796939770739029996e+01 1.772537075761968708e+03 -4.719958858912720245e+01 5.233700658357407637e-03 1.629671275851928393e-03 1.108500245121720948e-02 1.019253499597587709e+00 -5.321099291945807863e+01
2.002000000000000000e+03 3.162447882940864474e+01 1.774479023764239628e+03 -4.720160000065865091e+01 -4.260360044971410638e-03 -1.030838802691056919e-02 1.349240678356200020e-03 1.023457003772167972e+00 -5.318677160248375202e+01
2.003000000000000000e+03 2.636804571519257578e+01 1.777157756051894694e+03 -4.719020344197466699e+01 -2.611898639635309646e-03 4.772405572426359315e-03 1.530407357186016649e-02 1.022219152683559562e+00 -5.296221414540580952e+01
2.004000000000000000e+03 2.195929358313897595e+01 1.776465503748256879e+03 -4.719027170384782011e+01 5.793502354586674979e-03 1.370547347484376774e-02 2.612668958859740154e-02 1.015674132147334596e+00 -5.348864413463949319e+01
2.005000000000000000e+03 1.832754735563212023e+01 1.774849468891957940e+03 -4.720932313387626778e+01 2.722125278775740058e-03 7.692300930398154359e-03 1.238478563617607074e-02 1.011932319015968140e+00 -5.336009857809720103e+01
2.006000000000000000e+03 1.534030845434644519e+01 1.776459341250154466e+03 -4.721211084181553730e+01 1.987627456013287951e-03 4.954229143268882099e-03 5.042390860820153767e-03 1.015379656337324299e+00 -5.312701850196832254e+01
2.007000000000000000e+03 1.286663725129993274e+01 1.781791675027830706e+03 -4.719674183179678550e+01 1.072919767311007137e-03 2.304006467401623418e-03 1.502612379188446496e-04 1.021226003257521775e+00 -5.290380747021772123e+01
2.008000000000000000e+03 1.079895587060564566e+01 1.788319223799050633e+03 -4.719074059804840005e+01 3.809243832066873977e-04 6.106560124975874944e-04 -2.385339564993431589e-03 1.024774817903505886e+00 -5.320447162147268472e+01
2.009000000000000000e+03 9.051920154267536489e+00 1.794380478447692667e+03 -4.724100770028505281e+01 2.094370010014627142e-05 -5.389961248354905622e-03 -3.232508509461232138e-03 1.032631452028770713e+00 -5.387925918032421180e+01
2.010000000000000000e+03 7.569477734717402484e+00 1.800236577297126132e+03 -4.730928894343866631e+01 -2.891400959202116740e-03 -1.238970711101660370e-02 -1.854114358158035587e-03 1.045020131541271935e+00 -5.361798764796710515e+01
2.011000000000000000e+03 6.307159866973190532e+00 1.805273005871443956e+03 -4.734493045070576045e+01 -4.294723025179493330e-03 1.003945391470606116e-02 4.045434858523047454e-03 1.054690134426835790e+00 -5.343504325054293247e+01
2.012000000000000000e+03 5.238733301827787514e+00 1.809246795049924458e+03 -4.735616238991013915e+01 8.790153841320251515e-03 1.737349758478791764e-02 4.611441225535328238e-03 1.058237445045527858e+00 -5.328303754478480414e+01
2.013000000000000000e+03 4.358980551385054802e+00 1.815449804788699794e+03 -4.736407257463604026e+01 2.233742305498608981e-03 -6.849168834614729855e-03 -8.889125293186434656e-03 1.059029146585122483e+00 -5.332106531524927107e+01
2.014000000000000000e+03 3.639626288328806858e+00 1.824481010030779998e+03 -4.736435144600215352e+01 -5.439883889526564778e-03 -8.159825834289768237e-03 -8.159825834289851504e-03 1.058155208149987869e+00 -5.309806783796067009e+01
