1.992000000000000000e+03 1.343782219021258584e+02 1.732851506731858535e+03 -4.735892613816672281e+01 1.491343912165439718e-02 -1.482572388219478843e-03 9.213147017365412583e-03 1.000420357648355463e+00 -5.342168448625661625e+01
1.993000000000000000e+03 1.282726083148360203e+02 1.737868372035625043e+03 -4.735746719808020799e+01 -7.729851064769447874e-03 -2.770403165011866772e-02 -4.336796741582485924e-03 1.009528860768547975e+00 -5.310440714754427205e+01
1.994000000000000000e+03 1.174786668373116925e+02 1.744029493489541892e+03 -4.730863146122277385e+01 -8.956946547829684746e-03 2.201073240494158881e-02 7.106535415814280339e-03 1.017857230680394576e+00 -5.254288534469198169e+01
1.995000000000000000e+03 1.052493930048690203e+02 1.747215516422476639e+03 -4.727741023720655278e+01 2.049553400825995797e-02 2.629943662473748292e-02 1.145107657145728181e-02 1.012920518811528225e+00 -5.339250039104748424e+01
1.996000000000000000e+03 9.220126121854566748e+01 1.750560818928502613e+03 -4.728841698057373577e+01 -5.083076577776566131e-04 -4.539296993065543816e-03 -2.542835321796608691e-03 1.004323934482862057e+00 -5.326267855695143538e+01
1.997000000000000000e+03 7.852302057392579115e+01 1.757377193485239331e+03 -4.724955577007916929e+01 -1.789825661666623281e-03 -3.006807108523697528e-04 4.033910806791871410e-04 1.011537952540215057e+00 -5.245065128211901140e+01
1.998000000000000000e+03 6.580334778467127421e+01 1.764920932817400853e+03 -4.719977145032117249e+01 1.373863806372822806e-03 3.632334684194533144e-04 3.177400853651760320e-03 1.028465494793729507e+00 -5.290880726560276059e+01
1.999000000000000000e+03 5.484932384153098894e+01 1.770911594650091729e+03 -4.719992303658781907e+01 -1.009661202246682748e-03 -2.157862655885357719e-03 2.432419781370727136e-03 1.031033843184692822e+00 -5.326070872290434011e+01
2.000000000000000000e+03 4.566996739816489992e+01 1.773147153649558277e+03 -4.720505456719092763e+01 -3.982771944138141442e-04 2.837657629771385154e-03 4.905575611007148215e-03 1.020481916972587610e+00 -5.316627557746367216e+01
2.001000000000000000e+03 3.797807485347714618e+01 1.772827713842498270e+03 -4.720056019699614325e+01 1.490564403759648757e-03 5.314960109530692976e-04 2.982935803303562484e-03 1.015315106499917297e+00 -5.322240903447672622e+01
2.002000000000000000e+03 3.162288095655194198e+01 1.774689606000486947e+03 -4.720218406925668830e+01 -1.167221922422081613e-03 -2.969569025790793574e-03 2.170868314132539322e-04 1.018654384776464639e+00 -5.319353623954792454e+01
2.003000000000000000e+03 2.636118533799615449e+01 1.777046033384635166e+03 -4.718972472361715376e+01 -8.124907614388999100e-04 1.102309962825741112e-03 4.210964187519716101e-03 1.019747934513649534e+00 -5.296471499194421995e+01
2.004000000000000000e+03 2.196051839107209247e+01 1.776166147132320702e+03 -4.718988735682471969e+01 1.547364069989184661e-03 3.725789816672852792e-03 7.454103767695821961e-03 1.016175695068761486e+00 -5.349611160544587563e+01
2.005000000000000000e+03 1.832864169074975536e+01 1.774717317213974866e+03 -4.720990653673351289e+01 7.624567638667047046e-04 2.129120628639074794e-03 3.685932082878933154e-03 1.012944635535411253e+00 -5.335878117094594586e+01
2.006000000000000000e+03 1.533988608175495294e+01 1.776597133700497579e+03 -4.721229503083623769e+01 5.427035992446413871e-04 1.418744977290821180e-03 1.610300360067520127e-03 1.014279627005293172e+00 -5.311334271247603311e+01
2.007000000000000000e+03 1.286758484791127621e+01 1.781959481072358358e+03 -4.719545113217327525e+01 3.288662619499012557e-04 7.755577337325432171e-04 2.183674044979512117e-04 1.017707579272022045e+00 -5.290019989842187442e+01
2.008000000000000000e+03 1.080104247728655942e+01 1.788323161534300425e+03 -4.718979458404193394e+01 1.547868320558651171e-04 2.074324289099278265e-04 -5.770889179866564318e-04 1.020658071225281960e+00 -5.323275874941791130e+01
2.009000000000000000e+03 9.054149883204535953e+00 1.794308639804841960e+03 -4.724259476863002050e+01 -1.319883689264952365e-05 -1.642496256739522887e-03 -8.844152231734244514e-04 1.029937892473118177e+00 -5.391264318732302741e+01
2.010000000000000000e+03 7.570098913968983823e+00 1.800249331087875817e+03 -4.731195593442139113e+01 -8.654389340802891946e-04 -3.417144973840458792e-03 -4.517417403355156267e-04 1.044244677940899146e+00 -5.361390313149050257e+01
2.011000000000000000e+03 6.305943007260002453e+00 1.805310388821855440e+03 -4.734509916493756521e+01 -1.130126172117579481e-03 3.048892965219007680e-03 1.226452537653360689e-03 1.054577537821299815e+00 -5.340324969465348914e+01
2.012000000000000000e+03 5.237709293050284209e+00 1.809166582784432421e+03 -4.735341206399790082e+01 2.530177185810916340e-03 4.902767985879270297e-03 1.240449929670425517e-03 1.057024916612094412e+00 -5.327095252866443076e+01
2.013000000000000000e+03 4.358720568550664254e+00 1.815382086605047562e+03 -4.736248107436446730e+01 5.906678438200219008e-04 -2.026862107501011499e-03 -2.609434882146761340e-03 1.056005503024112890e+00 -5.335484647281485593e+01
2.014000000000000000e+03 3.639745716330176073e+00 1.824573016490660393e+03 -4.736591038650439600e+01 -1.553527399056477175e-03 -2.330291098584588369e-03 -2.330291098585076260e-03 1.054053399525584078e+00 -5.312479775249223479e+01
