1.992000000000000000e+03 1.306063119744156609e+02 1.733580840026771284e+03 -4.735546895982889737e+01 4.242417209553567270e-03 -8.624209324212124897e-03 6.200560691631230512e-03 1.006762699863594790e+00 -5.332028683055101226e+01
1.993000000000000000e+03 1.253343781044416261e+02 1.740321257185163404e+03 -4.735343531121461069e+01 -4.857042703446452780e-03 -2.088109195355624878e-02 3.777900061870613935e-03 1.011329191023895291e+00 -5.311339753636690375e+01
1.994000000000000000e+03 1.149409455068232973e+02 1.745923204054627604e+03 -4.730639368811506529e+01 -7.559282926181049023e-03 -6.436474148386644306e-03 1.122552084673113584e-02 1.017673840530646689e+00 -5.257805373168189789e+01
1.995000000000000000e+03 1.030792355494311465e+02 1.748066398873037770e+03 -4.727882601968236287e+01 2.834675397015389356e-03 2.800122853027521216e-02 2.024252928436210894e-02 1.020294340850319559e+00 -5.343827396651968087e+01
1.996000000000000000e+03 8.993442564809006967e+01 1.748892759491673587e+03 -4.729159725226117672e+01 2.716533858514022168e-03 3.254829816128674939e-03 1.825112029257865707e-03 1.016805770344024307e+00 -5.329528011044193647e+01
1.997000000000000000e+03 7.627263614245100598e+01 1.753841153785130018e+03 -4.725042012694969173e+01 -3.885806210999853227e-04 -9.746536786150370151e-04 -1.325229351413278502e-03 1.013941410020930523e+00 -5.241348475811180663e+01
1.998000000000000000e+03 6.414462908804925689e+01 1.763014781652760121e+03 -4.720014819431506226e+01 -2.257731084206588659e-04 8.654032063045082480e-04 -3.885513524223895574e-04 1.013512098688666097e+00 -5.290006160433580362e+01
1.999000000000000000e+03 5.381180453492873283e+01 1.770847421907091984e+03 -4.719999745118175127e+01 7.161419677982746798e-04 -1.664551467269387904e-03 4.432536212646117561e-04 1.007835038414223838e+00 -5.328029995117711337e+01
2.000000000000000000e+03 4.508014334980416749e+01 1.774192470742343858e+03 -4.720368851626477635e+01 -1.695425592693698344e-03 -1.308530139992431082e-03 2.802918964659227227e-03 1.001678819475513516e+00 -5.317673239077414138e+01
2.001000000000000000e+03 3.764268975539281570e+01 1.774099219312615787e+03 -4.719948740473045490e+01 5.357274453464686351e-04 1.167805903193554510e-03 4.032669555765736394e-03 1.003944323360995927e+00 -5.327633985135926764e+01
2.002000000000000000e+03 3.136326649641344488e+01 1.773996433214458648e+03 -4.720164946687099672e+01 2.494319095433618415e-04 -1.062896655234403217e-03 5.345368865211184029e-04 1.011233597150197117e+00 -5.326001314547978893e+01
2.003000000000000000e+03 2.615448215627447937e+01 1.774828318233598793e+03 -4.718913216201470107e+01 -9.580296796999304525e-04 -4.196776980843826992e-04 4.840889364955401099e-03 1.014101221957382837e+00 -5.297375831990292028e+01
2.004000000000000000e+03 2.182654188351124702e+01 1.774368140426307946e+03 -4.718842750384089157e+01 6.782445476436839210e-04 1.473294735902516217e-03 1.286539002652528803e-02 1.014359559413229972e+00 -5.346650162805988060e+01
2.005000000000000000e+03 1.822953997048151464e+01 1.773756652087619841e+03 -4.720889156045360124e+01 2.474652986914579501e-04 8.192400092512735175e-04 9.477934381131290081e-03 1.019917766870337639e+00 -5.334751522369940346e+01
2.006000000000000000e+03 1.523362477208520716e+01 1.776170993428558404e+03 -4.721450082912647872e+01 2.467478018280651678e-04 3.819341748613053460e-04 7.321926627975166094e-03 1.029349316633522582e+00 -5.311037415384234350e+01
2.007000000000000000e+03 1.274054871861506832e+01 1.781543698609784315e+03 -4.719999184832490613e+01 6.424326942064766845e-06 1.748060286347720991e-03 5.564387599865532746e-03 1.032521987107625883e+00 -5.288835273724290431e+01
2.008000000000000000e+03 1.066338421727135888e+01 1.786888672709073944e+03 -4.719289320580300284e+01 9.533291784157780753e-04 5.704659397737320455e-03 4.006282072739745549e-03 1.025196566554362532e+00 -5.322430427032331579e+01
2.009000000000000000e+03 8.930055169723834396e+00 1.791496755977972043e+03 -4.724030185597249698e+01 2.279821669394156442e-03 4.881864127722134275e-04 6.995598693486646587e-04 1.021644595721693749e+00 -5.388800057861886472e+01
2.010000000000000000e+03 7.486357977681371345e+00 1.797876350113535636e+03 -4.730477546964784352e+01 -1.563491248703580703e-03 -9.691536485135002210e-03 -1.936411902583463776e-03 1.031161296064020849e+00 -5.357862426560344460e+01
2.011000000000000000e+03 6.264708794638847777e+00 1.804609463512726961e+03 -4.733943023954856244e+01 -3.918026459775740718e-03 6.097386028564193323e-03 2.102616270744889042e-03 1.041059741621774393e+00 -5.344892080065921647e+01
2.012000000000000000e+03 5.220958006276585017e+00 1.808207263298858834e+03 -4.735418808833647120e+01 6.386360383054917426e-03 1.309216421759902028e-02 3.670663261946222316e-03 1.035306353055199802e+00 -5.340948940101353060e+01
2.013000000000000000e+03 4.366755831171118096e+00 1.813749643812171371e+03 -4.736845135589140909e+01 1.873399276276469785e-03 -4.782920348777627839e-03 -6.301524201416442740e-03 1.019365686327371234e+00 -5.345558165885344692e+01
2.014000000000000000e+03 3.679700040537837946e+00 1.823787148432448248e+03 -4.737109563280639435e+01 -4.049610273702808176e-03 -6.074415410554080859e-03 -6.074415410553153649e-03 1.008378937339158288e+00 -5.316024128202523258e+01
