1.992000000000000000e+03 1.305780726551163582e+02 1.733299658679532058e+03 -4.735540148605199562e+01 1.063821923292150931e-02 -1.651154409923086264e-02 1.738123153637128465e-02 1.013344766217785908e+00 -5.329935121295525846e+01
1.993000000000000000e+03 1.253141276308318055e+02 1.740549781953637194e+03 -4.735621287376512356e+01 -1.052204677903427477e-02 -4.036625942657726812e-02 7.478448731341240559e-03 1.012562776427548661e+00 -5.314845344255581239e+01
1.994000000000000000e+03 1.150227212895781861e+02 1.745880438769599095e+03 -4.730947073411495296e+01 -1.366855956003826776e-02 -2.058084289742435555e-02 1.613458690709665064e-02 1.010805771363142647e+00 -5.257255391192505556e+01
1.995000000000000000e+03 1.030949825222576948e+02 1.748156378059710050e+03 -4.727717846017765169e+01 -4.510290856361371054e-05 5.818438690549564141e-02 3.722204396137490656e-02 1.009953364010101273e+00 -5.339821274765799330e+01
1.996000000000000000e+03 8.987671806601409230e+01 1.749410748913055386e+03 -4.728717479987365380e+01 6.663110319065678258e-03 9.385180337896417355e-03 5.073077611641744686e-03 1.011731637831961184e+00 -5.330387592554586007e+01
1.997000000000000000e+03 7.627454631194532908e+01 1.753905038840122870e+03 -4.724868907125612338e+01 -2.888323156741644227e-04 -6.374703551969423954e-05 -2.358795980756991147e-03 1.017306503428866415e+00 -5.246550153731676858e+01
1.998000000000000000e+03 6.416364499554876488e+01 1.762437669300864854e+03 -4.720311970900403509e+01 2.129330320626381101e-04 3.998915720662030507e-03 -1.178191496377171445e-03 1.021038890310194791e+00 -5.292936429082884331e+01
1.999000000000000000e+03 5.380482047857552885e+01 1.770521036560544871e+03 -4.720415342126593572e+01 2.188470403292271625e-03 -8.184504144171015835e-03 4.374754493843578998e-04 1.015250746477715182e+00 -5.323723464066753763e+01
2.000000000000000000e+03 4.508085596004700335e+01 1.774315044168614804e+03 -4.720377892357807781e+01 -7.098748892306071256e-03 -6.761183776428151410e-03 1.042366344838534069e-02 1.007762371345967578e+00 -5.311045469081309989e+01
2.001000000000000000e+03 3.764390273271490628e+01 1.774275023315995895e+03 -4.719678953761597029e+01 1.686640441117161346e-03 3.799082191201276233e-03 1.575344399286996225e-02 1.009208483478687857e+00 -5.326525015670679863e+01
2.002000000000000000e+03 3.136364144575333057e+01 1.773952968470034875e+03 -4.720076619109969585e+01 8.691559565841520951e-04 -3.683050850413433028e-03 2.086434541904742725e-03 1.016394996865473521e+00 -5.328126344231187517e+01
2.003000000000000000e+03 2.615441555987130329e+01 1.774663257499479641e+03 -4.719084918765248204e+01 -3.324523190193422444e-03 1.867464025456371001e-04 1.809574604125433611e-02 1.019227039005532909e+00 -5.297890232262381005e+01
2.004000000000000000e+03 2.182328467581794840e+01 1.774505655526650116e+03 -4.719049142706843725e+01 3.449020791889754849e-03 7.916690630424228978e-03 4.818102123071304338e-02 1.017999884110392328e+00 -5.344144340915679692e+01
2.005000000000000000e+03 1.822864297569747905e+01 1.774167354289941159e+03 -4.720835285316616137e+01 1.488912499812626838e-03 3.742504732882870940e-03 3.406813567600986553e-02 1.020284933240387382e+00 -5.331294678331177295e+01
2.006000000000000000e+03 1.523582820514917380e+01 1.776327870691957742e+03 -4.721139034207077856e+01 8.311183675393978357e-04 3.594975676851825167e-04 2.546956887829852911e-02 1.026906161706248266e+00 -5.311220922561376767e+01
2.007000000000000000e+03 1.274242611330595132e+01 1.781215583602526976e+03 -4.719729845745101926e+01 -4.825013946025848003e-04 5.349304730202249399e-03 1.952937727121545688e-02 1.030689038455500750e+00 -5.291215776972701690e+01
2.008000000000000000e+03 1.066396228677758273e+01 1.786552864720649495e+03 -4.719209614166286570e+01 3.330385999218934100e-03 2.142670278928531652e-02 1.468522311182863214e-02 1.027712213121912521e+00 -5.322549468007598250e+01
2.009000000000000000e+03 8.929319548988889466e+00 1.791628233758782244e+03 -4.724171903581652998e+01 8.763266021576888304e-03 1.359082739238833947e-03 2.589687634447444039e-03 1.027499087219365226e+00 -5.388529368192984492e+01
2.010000000000000000e+03 7.486724534464716641e+00 1.798046976782556158e+03 -4.730871066546493608e+01 -6.285768689667654320e-03 -3.905718046105917385e-02 -7.327723053086693424e-03 1.035815907147322967e+00 -5.359990197689867841e+01
2.011000000000000000e+03 6.265766511893403390e+00 1.804362291130099948e+03 -4.734486550234606739e+01 -1.580188129416314549e-02 2.289622511888150455e-02 8.966256998894157199e-03 1.042912755523892621e+00 -5.346093885277925040e+01
2.012000000000000000e+03 5.219822178967870485e+00 1.808077881711397822e+03 -4.735745887530284648e+01 2.485282509873457460e-02 5.184739372120879264e-02 1.574480950315492594e-02 1.037986216345302415e+00 -5.335634833882541272e+01
2.013000000000000000e+03 4.365206520278927194e+00 1.813885462090236615e+03 -4.736421995131967577e+01 7.769683238987975561e-03 -1.760763671601909414e-02 -2.346006903091911108e-02 1.026061975633402401e+00 -5.335316289543823132e+01
2.014000000000000000e+03 3.680312081895958709e+00 1.823918191877803565e+03 -4.736044408941874906e+01 -1.560648617306840437e-02 -2.340972925960488338e-02 -2.340972925960499787e-02 1.017849821593533433e+00 -5.310457136285717894e+01
