1.358077284142988788e+02
1.731333874702958383e+03
1.059170797413810580e-02
9.892594812438487706e-01
9.740542563279847021e-01
9.887929629394043296e-01
1.004917009384101112e+00
9.677725640136827234e-01
9.574395480684548820e-01
9.780963617281360767e-01
9.884812073807354160e-01
1.004544555630115354e+00
9.978952667087488404e-01
9.777629291103836495e-01
9.939030015074031832e-01
1.009591180407325428e+00
9.945518025919823923e-01
9.706032100094100779e-01
9.567063809895627324e-01
9.590276935547233927e-01
9.670837150720458242e-01
9.789976907336169765e-01
9.975285563150778634e-01
1.001036198696529711e+00
9.677780901794315049e-01
9.551645189971256222e-01
9.213147017365412583e-03
-4.336796741582485924e-03
7.106535415814280339e-03
1.145107657145728181e-02
-2.542835321796608691e-03
4.033910806791871410e-04
3.177400853651760320e-03
2.432419781370727136e-03
4.905575611007148215e-03
2.982935803303562484e-03
2.170868314132539322e-04
4.210964187519716101e-03
7.454103767695821961e-03
3.685932082878933154e-03
1.610300360067520127e-03
2.183674044979512117e-04
-5.770889179866564318e-04
-8.844152231734244514e-04
-4.517417403355156267e-04
1.226452537653360689e-03
1.240449929670425517e-03
-2.609434882146761340e-03
-2.330291098585076260e-03
-1.482572388219478843e-03
-2.770403165011866772e-02
2.201073240494158881e-02
2.629943662473748292e-02
-4.539296993065543816e-03
-3.006807108523697528e-04
3.632334684194533144e-04
-2.157862655885357719e-03
2.837657629771385154e-03
5.314960109530692976e-04
-2.969569025790793574e-03
1.102309962825741112e-03
3.725789816672852792e-03
2.129120628639074794e-03
1.418744977290821180e-03
7.755577337325432171e-04
2.074324289099278265e-04
-1.642496256739522887e-03
-3.417144973840458792e-03
3.048892965219007680e-03
4.902767985879270297e-03
-2.026862107501011499e-03
-2.330291098584588369e-03
1.491343912165439718e-02
-7.729851064769447874e-03
-8.956946547829684746e-03
2.049553400825995797e-02
-5.083076577776566131e-04
-1.789825661666623281e-03
1.373863806372822806e-03
-1.009661202246682748e-03
-3.982771944138141442e-04
1.490564403759648757e-03
-1.167221922422081613e-03
-8.124907614388999100e-04
1.547364069989184661e-03
7.624567638667047046e-04
5.427035992446413871e-04
3.288662619499012557e-04
1.547868320558651171e-04
-1.319883689264952365e-05
-8.654389340802891946e-04
-1.130126172117579481e-03
2.530177185810916340e-03
5.906678438200219008e-04
-1.553527399056477175e-03
1.000420357648355463e+00
1.009528860768547975e+00
1.017857230680394576e+00
1.012920518811528225e+00
1.004323934482862057e+00
1.011537952540215057e+00
1.028465494793729507e+00
1.031033843184692822e+00
1.020481916972587610e+00
1.015315106499917297e+00
1.018654384776464639e+00
1.019747934513649534e+00
1.016175695068761486e+00
1.012944635535411253e+00
1.014279627005293172e+00
1.017707579272022045e+00
1.020658071225281960e+00
1.029937892473118177e+00
1.044244677940899146e+00
1.054577537821299815e+00
1.057024916612094412e+00
1.056005503024112890e+00
1.054053399525584078e+00
1.052493724892665863e-02
1.052842789116250309e-02
1.053460561749198707e-02
1.052525832941128385e-02
1.052668661366724934e-02
1.053562034684371075e-02
1.053057984225498796e-02
1.052670828551353910e-02
1.052774722502315685e-02
1.052712965328820444e-02
1.052744730747183499e-02
1.052996475749769928e-02
1.052411840829247172e-02
1.052562930462506291e-02
1.052832958362644178e-02
1.053067453858592788e-02
1.052701578721834848e-02
1.051953573936367271e-02
1.052282247348962189e-02
1.052514006667676881e-02
1.052659558454535453e-02
1.052567259373035115e-02
1.052820355723377635e-02
