1.992000000000000000e+03 1.344544705279021741e+02 1.733043002926655390e+03 -4.735849319884655273e+01 4.490319456428287087e-03 1.833790440724187090e-04 3.334193577340749046e-03 9.949068800174885041e-01 -5.344343421228769841e+01
1.993000000000000000e+03 1.282775041002360012e+02 1.737575154063729087e+03 -4.735630273038216131e+01 -2.123310664003943624e-03 -8.712039747017454386e-03 -8.752405427880504026e-04 1.009434667490566984e+00 -5.309864890178073438e+01
1.994000000000000000e+03 1.173732036796646554e+02 1.744071912004232217e+03 -4.730765071720688297e+01 -3.073121878755795400e-03 5.936837082982616802e-03 2.719249620902754530e-03 1.024658386522240283e+00 -5.252786139629395024e+01
1.995000000000000000e+03 1.052637099978957025e+02 1.747105700598191106e+03 -4.727761926856699404e+01 6.098167042778915650e-03 8.789121710439639842e-03 4.377353059380896527e-03 1.019869839360030950e+00 -5.340524261848366905e+01
1.996000000000000000e+03 9.223288908394447105e+01 1.750412859814919102e+03 -4.729040624110225366e+01 -4.096426509512704587e-05 -1.205170727298029727e-03 -7.030021567245740627e-04 1.003919541779393132e+00 -5.326693716949526447e+01
1.997000000000000000e+03 7.850632175834464022e+01 1.757811180231143908e+03 -4.725106867360717899e+01 -5.420059072263339051e-04 -1.939849315901022789e-04 -1.659431075871514139e-05 1.004987251036262297e+00 -5.243238807239025334e+01
1.998000000000000000e+03 6.580896407269781889e+01 1.765269356552078989e+03 -4.719872625914211994e+01 3.567256541435974274e-04 1.080028622815622610e-04 8.210727112380877954e-04 1.022638391052428819e+00 -5.290970870036015583e+01
1.999000000000000000e+03 5.485319687300940217e+01 1.770680183909335710e+03 -4.719833413284468548e+01 -2.540182439409849314e-04 -5.404809253884615807e-04 6.277171901884362557e-04 1.028819206534391961e+00 -5.328377873256351194e+01
2.000000000000000000e+03 4.566418019629173131e+01 1.772803403634598681e+03 -4.720481877991878150e+01 -9.870934634286772185e-05 7.637147250295002769e-04 1.249865415334631665e-03 1.019569939419965987e+00 -5.317368999228122561e+01
2.001000000000000000e+03 3.797398825500724229e+01 1.772662318213383514e+03 -4.720074342435987091e+01 3.956436366857168365e-04 1.882474046575508778e-04 7.455145043212178888e-04 1.013411924593121682e+00 -5.322141665955237499e+01
2.002000000000000000e+03 3.162102111998513010e+01 1.774707253610552925e+03 -4.720260475774795594e+01 -2.775129678298323853e-04 -7.434809175179936868e-04 8.766966549009478062e-06 1.016019469003309972e+00 -5.320229103620832944e+01
2.003000000000000000e+03 2.636327395680346797e+01 1.777181291665076287e+03 -4.719071244333716919e+01 -2.181409771821513533e-04 1.903975426306118307e-04 9.898249837440534910e-04 1.017648175265375876e+00 -5.297283192580582067e+01
2.004000000000000000e+03 2.196526457883507533e+01 1.776336055311028758e+03 -4.719045317821424135e+01 3.450726722692668176e-04 8.254949280477112379e-04 1.838619357545228988e-03 1.015132141055530068e+00 -5.348879185182764218e+01
2.005000000000000000e+03 1.833052034961683319e+01 1.774880434514278704e+03 -4.720987489177741736e+01 1.671121215765354010e-04 5.288715983187315672e-04 9.658146891464659736e-04 1.012432618669064199e+00 -5.336098159314373390e+01
2.006000000000000000e+03 1.533870289552872279e+01 1.776646992024774136e+03 -4.721181355662096024e+01 1.532134754528944741e-04 4.301549568615712347e-04 4.649609863468567232e-04 1.013711166992088408e+00 -5.311002268368025625e+01
2.007000000000000000e+03 1.286472468503061961e+01 1.781817453231899208e+03 -4.719393457233134370e+01 1.089539834061161952e-04 2.445432007087224350e-04 7.220907744879822849e-05 1.016817879143207426e+00 -5.289388431163466464e+01
2.008000000000000000e+03 1.079812305260791128e+01 1.788067694287861741e+03 -4.718877893984529948e+01 4.448089790943284271e-05 4.096405468444361492e-05 -1.687848301073244879e-04 1.019398578166446745e+00 -5.325228448861641084e+01
2.009000000000000000e+03 9.052874928746582839e+00 1.794133689410670286e+03 -4.724396182908630237e+01 -1.373722249584708496e-05 -4.410082788669335632e-04 -2.458588849726802100e-04 1.028900366137935674e+00 -5.393525084066275355e+01
2.010000000000000000e+03 7.570560200549764751e+00 1.800321921642230109e+03 -4.731437712964148545e+01 -2.242146373990352233e-04 -8.546307969376758934e-04 -1.173552103989695857e-04 1.043870990857263648e+00 -5.360830667188842824e+01
2.011000000000000000e+03 6.307095125945541447e+00 1.805563017309969382e+03 -4.734545436644921068e+01 -2.764313817809300002e-04 7.749524046516700036e-04 3.098553589416396968e-04 1.054527668777666571e+00 -5.337386989549586502e+01
2.012000000000000000e+03 5.238604023951137556e+00 1.809332767829153454e+03 -4.735134475770907869e+01 6.344530545722912307e-04 1.221727998214661897e-03 3.037774562824354751e-04 1.056565415120897633e+00 -5.326329134627538764e+01
2.013000000000000000e+03 4.359006054494947158e+00 1.815365391897144718e+03 -4.736115515372452478e+01 1.440258220565677463e-04 -5.129314358176097557e-04 -6.587254695981403004e-04 1.054889822296154245e+00 -5.338020414481569986e+01
2.014000000000000000e+03 3.639529132297405045e+00 1.824409834830909631e+03 -4.736675415788660359e+01 -3.887840900813939330e-04 -5.831761351220976757e-04 -5.831761351220416225e-04 1.052562442190819292e+00 -5.314472809512182749e+01
