1.992000000000000000e+03 1.306829064864733994e+02 1.733721523491381959e+03 -4.735615615797262024e+01 9.750769971669005498e-01 5.047252523855570121e-08 -3.372028259716433977e-08 2.916778699142392884e-08 1.000873919558161074e+00 -5.336765677150312115e+01
1.993000000000000000e+03 1.253287190863622413e+02 1.740114152845682156e+03 -4.735952095083806057e+01 9.735124099404859344e-01 2.416589442056758675e-08 -1.360142197085805845e-07 -2.510600293785607216e-08 1.011768153720813190e+00 -5.318418384489886819e+01
1.994000000000000000e+03 1.148430838108781273e+02 1.745989812810251124e+03 -4.731359870060458661e+01 1.003368518574784485e+00 7.516171787124305546e-08 -2.898057940462871229e-08 -5.468672531796819466e-08 1.027281694505332910e+00 -5.251757124680545274e+01
1.995000000000000000e+03 1.030709576332614432e+02 1.747924084396478065e+03 -4.727804186330430980e+01 1.037594341545049481e+00 1.381556926777205679e-07 1.873682608274110096e-07 3.067407712160469731e-08 1.033250624202872059e+00 -5.333980852676756257e+01
1.996000000000000000e+03 8.998269997489424554e+01 1.748612605708908632e+03 -4.728442952470612681e+01 1.011745784452867003e+00 9.933170823517722732e-09 1.378137524033575025e-08 1.616901711907906101e-08 1.023231279067008836e+00 -5.324140155024659293e+01
1.997000000000000000e+03 7.626268237483776602e+01 1.754317719159919761e+03 -4.724328947673084400e+01 9.495414926747962614e-01 -8.218753321703126293e-09 -1.023979938333851116e-08 -4.962705830195521047e-09 1.009343882653759072e+00 -5.241860352407390167e+01
1.998000000000000000e+03 6.413540422099575267e+01 1.763721313252156278e+03 -4.719761737628136444e+01 9.353807199453330057e-01 6.247390031974937968e-10 6.337118195978234189e-09 -1.611104774468097039e-09 1.002633694654806007e+00 -5.298222299977339844e+01
1.999000000000000000e+03 5.382346779043109564e+01 1.770632184845251913e+03 -4.720162236830493896e+01 9.538797517341216503e-01 4.331561780433664274e-09 -3.666848653433171352e-09 5.206493840186674835e-09 9.988144074424948338e-01 -5.334349310770447516e+01
2.000000000000000000e+03 4.508074514300732005e+01 1.773411788809571135e+03 -4.720518887330516122e+01 9.688732548832904579e-01 1.169520517672929251e-08 -5.970947503349183134e-09 -7.104555351346390599e-09 9.972445198288235613e-01 -5.316487921618639945e+01
2.001000000000000000e+03 3.764399507558427160e+01 1.773772540750620465e+03 -4.720047400154514605e+01 9.813657126129672337e-01 1.650955734496267582e-08 4.504666775495686040e-09 2.033323106917368515e-09 1.000990613410454921e+00 -5.328012860523212169e+01
2.002000000000000000e+03 3.136405402691731936e+01 1.774210229737415148e+03 -4.720497770139397886e+01 9.788532107954535100e-01 2.438193051535213069e-10 -4.163183271094004240e-09 9.962368424758291738e-10 1.006682631855099208e+00 -5.329735570592119842e+01
2.003000000000000000e+03 2.614896505622767009e+01 1.775072413386967355e+03 -4.719335215081976997e+01 9.841238995334178341e-01 1.922676519431215587e-08 -8.755373049774054034e-10 -3.771692356537543549e-09 1.008382550604924432e+00 -5.298117793635126560e+01
2.004000000000000000e+03 2.182053953552524206e+01 1.774541144888869439e+03 -4.719027025087474669e+01 9.970400011464580770e-01 5.459538646787876955e-08 5.590706111106712096e-09 3.188000819884709309e-09 1.009410498413897184e+00 -5.345256895547167630e+01
2.005000000000000000e+03 1.822645129488227411e+01 1.774013900464682365e+03 -4.720607234868301560e+01 9.944889075479165230e-01 3.994349394007466333e-08 1.268619765007643145e-09 4.389430624054275412e-10 1.016307562827718280e+00 -5.330176925979846203e+01
2.006000000000000000e+03 1.523521080934835581e+01 1.776364345278604333e+03 -4.720849130872339572e+01 9.838666991315989652e-01 3.188763723569782394e-08 7.300392870597433286e-10 3.360550219305976430e-10 1.026301551038064863e+00 -5.311103010104567801e+01
2.007000000000000000e+03 1.274456462305136029e+01 1.781341576862187367e+03 -4.719540620690410293e+01 9.761883632500064634e-01 2.516204564953907784e-08 9.121057134067108696e-09 1.228887610355638328e-10 1.029914513751290395e+00 -5.292486475493751641e+01
2.008000000000000000e+03 1.066665096255311695e+01 1.786378712718488487e+03 -4.719137915322069432e+01 9.741179563945198128e-01 1.776391135427239132e-08 2.640761631531182690e-08 4.900784124926752927e-09 1.024406934663942392e+00 -5.324894732259888031e+01
2.009000000000000000e+03 8.932716524281614667e+00 1.791216400680282504e+03 -4.724261498744175469e+01 9.642795555812903041e-01 2.198841743882101846e-09 3.634685862245878962e-10 1.016343473489046270e-08 1.022988422049904367e+00 -5.391603370609754364e+01
2.010000000000000000e+03 7.486480101058921477e+00 1.798032120847635042e+03 -4.731105717993177961e+01 9.546975681177296558e-01 -8.934452124460522473e-09 -4.597310077568674957e-08 -7.936897875261023778e-09 1.032626702890398152e+00 -5.360263704160372811e+01
2.011000000000000000e+03 6.262273847838166319e+00 1.804849304508325986e+03 -4.734799542815260054e+01 9.748726317692196774e-01 1.075867158060168832e-08 2.798899663854050758e-08 -1.816946878015572467e-08 1.040464104272059265e+00 -5.347335034381350738e+01
2.012000000000000000e+03 5.219772190264714062e+00 1.808293548644771590e+03 -4.735944529902658218e+01 9.847310018424740852e-01 1.802367200831524746e-08 6.077585043388615493e-08 2.946303989801065544e-08 1.032661193604134109e+00 -5.335827011996174463e+01
2.013000000000000000e+03 4.367003877318779814e+00 1.813729460421325712e+03 -4.736254708873721597e+01 9.210356950443961965e-01 -2.819656041915968985e-08 -2.128629493771630508e-08 8.843354979664662144e-09 1.015878721136631357e+00 -5.333690915476707772e+01
2.014000000000000000e+03 3.679713260877279790e+00 1.823785119536374395e+03 -4.735456109151670034e+01 8.928725614011462364e-01 -2.764106192576823849e-08 -2.764106192577151743e-08 -1.842737461717934072e-08 1.004753949274635350e+00 -5.308817931755549324e+01
