1.992000000000000000e+03 1.347757875000434922e+02 1.735281623719814206e+03 -4.735181860238257912e+01 9.943368205060407750e-01 2.220005250864333021e-02 7.247428023236198759e-03 1.556204174222462072e-02 9.893532279054116918e-01 -5.339564811877784223e+01
1.993000000000000000e+03 1.282204947516111133e+02 1.736441750749170978e+03 -4.734033830485439864e+01 9.801693238626680849e-01 1.775275206321675226e-03 -1.769390074504788996e-02 -5.216042465142942987e-03 9.939681647221941807e-01 -5.313558907586979529e+01
1.994000000000000000e+03 1.173642187729780773e+02 1.741798559777859509e+03 -4.730768924962702471e+01 9.897138312731761367e-01 1.053742134439553980e-02 1.911189984647979762e-02 -5.487752386941126964e-03 1.028922418053963561e+00 -5.278548721872344629e+01
1.995000000000000000e+03 1.052993974239403911e+02 1.748756039699580924e+03 -4.728673996948307234e+01 1.000248622752787586e+00 1.509768127437989202e-02 3.469597154000782224e-02 1.581046690752455769e-02 1.033895581110321427e+00 -5.313903079236836646e+01
1.996000000000000000e+03 9.225771961584311498e+01 1.750865759243495404e+03 -4.727080682764761832e+01 9.742423845927782322e-01 -2.430733111324629418e-05 -7.784257294785951664e-04 1.255969003043833207e-03 9.754909852023281314e-01 -5.313232502203146623e+01
1.997000000000000000e+03 7.850474751771763238e+01 1.754430146920876041e+03 -4.723312837456561653e+01 9.666453116424684744e-01 1.640147629350121065e-03 -3.046705315781422091e-03 -1.261689757498805301e-03 1.020465540782466984e+00 -5.270889133952694294e+01
1.998000000000000000e+03 6.577143037372660217e+01 1.764982680949580754e+03 -4.720957683387538850e+01 9.833668774638898435e-01 6.217918282567310058e-03 -2.575161527920972852e-03 -6.651153068495174519e-04 1.058412042160361111e+00 -5.289987174548072346e+01
1.999000000000000000e+03 5.481220609509295372e+01 1.772103601847499021e+03 -4.720716841915295703e+01 9.936578679768662825e-01 9.700747735828596854e-03 -1.042020927718114841e-03 -9.382448343519154358e-04 1.022394387027973028e+00 -5.317734549450315029e+01
2.000000000000000000e+03 4.565632505275374342e+01 1.772859156694687954e+03 -4.720471347834664755e+01 1.003452533736884922e+00 1.282028150892447829e-02 2.584363160976348682e-03 2.261667718822948459e-04 1.018767170001341427e+00 -5.320272667801406641e+01
2.001000000000000000e+03 3.799203210012127840e+01 1.771113489496248803e+03 -4.719755690461057895e+01 1.002605718119843115e+00 8.933990259922603566e-03 7.196160597151712466e-04 9.742107705988563033e-04 1.005691237898717949e+00 -5.321384906006143467e+01
2.002000000000000000e+03 3.162881105022805528e+01 1.772600777110391164e+03 -4.719760168153497659e+01 9.891312609860684057e-01 8.909313826118496829e-03 -1.085355802556719085e-03 -5.079521870830433841e-04 1.035889607606969909e+00 -5.315751005124713657e+01
2.003000000000000000e+03 2.635665107117106487e+01 1.776859674796271747e+03 -4.719833654786798149e+01 9.966115609868263503e-01 1.334337479729858465e-02 2.285394527594376227e-03 -2.156183479548060759e-04 1.031424177941594023e+00 -5.308912469123927735e+01
2.004000000000000000e+03 2.197820431355656368e+01 1.776949870450089520e+03 -4.719723404127040567e+01 9.990502389553921336e-01 1.591056535864710311e-02 6.364305291237482703e-03 1.739214699684333469e-03 1.007537818711114141e+00 -5.333698232446793241e+01
2.005000000000000000e+03 1.837123467734963000e+01 1.773853325921583973e+03 -4.719909758241625042e+01 9.894970833753540251e-01 9.494438980794597457e-03 6.168789959429048404e-03 2.038374384881366276e-03 9.927753205921194812e-01 -5.333691706156373868e+01
2.006000000000000000e+03 1.537428723625751914e+01 1.774781671185991854e+03 -4.720034194479138989e+01 9.780802453543685493e-01 3.862794716629397440e-03 4.158795362926979121e-03 1.713430123479132462e-03 1.025496894245358392e+00 -5.314154295504480530e+01
2.007000000000000000e+03 1.287570631221184847e+01 1.781033236001135037e+03 -4.719900349144834450e+01 9.703968454725490078e-01 -1.448003782786171935e-04 1.677202975069812902e-03 8.640027282273175313e-04 1.031748899037667977e+00 -5.303256848671011880e+01
2.008000000000000000e+03 1.078758753227340605e+01 1.786814187697364787e+03 -4.720313020096700285e+01 9.711696699571692459e-01 -2.063032427154809587e-03 -2.629264301708798907e-05 2.090445485932395742e-04 1.022311646505542182e+00 -5.326938186292628785e+01
2.009000000000000000e+03 9.031646496689248238e+00 1.793203583908234805e+03 -4.724529444078040541e+01 9.740734357804641252e-01 -2.462763162393842489e-03 -1.322528478387127986e-03 -1.812583818169386397e-04 1.046847469488241034e+00 -5.365383051407690829e+01
2.010000000000000000e+03 7.548784136788121657e+00 1.798622638159119560e+03 -4.729928180077636313e+01 9.803398656821522561e-01 -1.965218585080715560e-03 -1.173506093404423243e-03 -5.603418163530422477e-04 1.028695594844176942e+00 -5.361612277592409015e+01
2.011000000000000000e+03 6.295525779633814878e+00 1.803114196589681114e+03 -4.733421744278643217e+01 9.866070446850319087e-01 -1.115462983342866993e-03 4.038393206941005495e-03 -1.775964633999777584e-04 1.053582711189151810e+00 -5.345569624854861956e+01
2.012000000000000000e+03 5.240608862724107198e+00 1.808143031419426052e+03 -4.735083653360272393e+01 9.909160406795604059e-01 -2.042379858275786796e-03 2.758803773618637677e-03 2.295886881088352038e-03 1.049087828062496452e+00 -5.331697411472801917e+01
2.013000000000000000e+03 4.364098857801109510e+00 1.813391159871281161e+03 -4.735369486458795762e+01 9.745589208596066033e-01 -4.745781728473572394e-03 -4.046154980130131293e-03 -3.653474922740771033e-04 1.050384250685170828e+00 -5.325742932146149400e+01
2.014000000000000000e+03 3.635027516029489814e+00 1.822458561139367248e+03 -4.735360372544361951e+01 9.805177076903051070e-01 -2.798506993374963100e-03 -2.798506993375035959e-03 -1.865671328916566028e-03 1.084149021554752235e+00 -5.309247006514805634e+01
