1.365123528190993341e+02
1.735561005639413906e+03
1.059170953048977487e-02
9.943368205060407750e-01
9.801693238626680849e-01
9.897138312731761367e-01
1.000248622752787586e+00
9.742423845927782322e-01
9.666453116424684744e-01
9.833668774638898435e-01
9.936578679768662825e-01
1.003452533736884922e+00
1.002605718119843115e+00
9.891312609860684057e-01
9.966115609868263503e-01
9.990502389553921336e-01
9.894970833753540251e-01
9.780802453543685493e-01
9.703968454725490078e-01
9.711696699571692459e-01
9.740734357804641252e-01
9.803398656821522561e-01
9.866070446850319087e-01
9.909160406795604059e-01
9.745589208596066033e-01
9.805177076903051070e-01
2.220005250864333021e-02
1.775275206321675226e-03
1.053742134439553980e-02
1.509768127437989202e-02
-2.430733111324629418e-05
1.640147629350121065e-03
6.217918282567310058e-03
9.700747735828596854e-03
1.282028150892447829e-02
8.933990259922603566e-03
8.909313826118496829e-03
1.334337479729858465e-02
1.591056535864710311e-02
9.494438980794597457e-03
3.862794716629397440e-03
-1.448003782786171935e-04
-2.063032427154809587e-03
-2.462763162393842489e-03
-1.965218585080715560e-03
-1.115462983342866993e-03
-2.042379858275786796e-03
-4.745781728473572394e-03
-2.798506993374963100e-03
7.247428023236198759e-03
-1.769390074504788996e-02
1.911189984647979762e-02
3.469597154000782224e-02
-7.784257294785951664e-04
-3.046705315781422091e-03
-2.575161527920972852e-03
-1.042020927718114841e-03
2.584363160976348682e-03
7.196160597151712466e-04
-1.085355802556719085e-03
2.285394527594376227e-03
6.364305291237482703e-03
6.168789959429048404e-03
4.158795362926979121e-03
1.677202975069812902e-03
-2.629264301708798907e-05
-1.322528478387127986e-03
-1.173506093404423243e-03
4.038393206941005495e-03
2.758803773618637677e-03
-4.046154980130131293e-03
-2.798506993375035959e-03
1.556204174222462072e-02
-5.216042465142942987e-03
-5.487752386941126964e-03
1.581046690752455769e-02
1.255969003043833207e-03
-1.261689757498805301e-03
-6.651153068495174519e-04
-9.382448343519154358e-04
2.261667718822948459e-04
9.742107705988563033e-04
-5.079521870830433841e-04
-2.156183479548060759e-04
1.739214699684333469e-03
2.038374384881366276e-03
1.713430123479132462e-03
8.640027282273175313e-04
2.090445485932395742e-04
-1.812583818169386397e-04
-5.603418163530422477e-04
-1.775964633999777584e-04
2.295886881088352038e-03
-3.653474922740771033e-04
-1.865671328916566028e-03
9.893532279054116918e-01
9.939681647221941807e-01
1.028922418053963561e+00
1.033895581110321427e+00
9.754909852023281314e-01
1.020465540782466984e+00
1.058412042160361111e+00
1.022394387027973028e+00
1.018767170001341427e+00
1.005691237898717949e+00
1.035889607606969909e+00
1.031424177941594023e+00
1.007537818711114141e+00
9.927753205921194812e-01
1.025496894245358392e+00
1.031748899037667977e+00
1.022311646505542182e+00
1.046847469488241034e+00
1.028695594844176942e+00
1.053582711189151810e+00
1.049087828062496452e+00
1.050384250685170828e+00
1.084149021554752235e+00
1.052522369843693698e-02
1.052808483290877846e-02
1.053193658013199668e-02
1.052804696771666992e-02
1.052812074348319013e-02
1.053277926793629374e-02
1.053067814885092109e-02
1.052762543554482816e-02
1.052734619566064733e-02
1.052722382887132969e-02
1.052784366193645557e-02
1.052859602605170190e-02
1.052586913302904111e-02
1.052586985104383803e-02
1.052801932931917567e-02
1.052921824694321232e-02
1.052661286479945023e-02
1.052238319422091166e-02
1.052279805307156264e-02
1.052456305467067837e-02
1.052608926095106520e-02
1.052674436504011032e-02
1.052855922084280221e-02
