1.365085995194632176e+02
1.735681570505185391e+03
1.059170957394693982e-02
9.940435047986294625e-01
9.806505535433092113e-01
9.897658396192063890e-01
1.000640745234496753e+00
9.738639615333939403e-01
9.665968588809482620e-01
9.835743691599498906e-01
9.927203635742170018e-01
1.003405649821747625e+00
1.001980951237012141e+00
9.900994680418064853e-01
9.962564854509624590e-01
9.990678791955288629e-01
9.893165354750550478e-01
9.778704176882178079e-01
9.705979650978655560e-01
9.703840528506195717e-01
9.740840443384879421e-01
9.802618866126113772e-01
9.872593587478620814e-01
9.909045011611629095e-01
9.740731354848994883e-01
9.801843268915630958e-01
2.195123176327105560e-02
1.514205859383130652e-03
1.024263982275828294e-02
1.490188081690614098e-02
-6.129060163157475029e-05
1.669023163762087822e-03
6.114562311170799666e-03
9.497599130551377666e-03
1.277927629524936402e-02
8.863944087647930917e-03
8.625411900873122123e-03
1.306189133475986301e-02
1.572132108622046470e-02
9.328022444509429315e-03
3.707791930851922230e-03
-2.816917479139812190e-04
-2.154428805810749189e-03
-2.479487430045613106e-03
-1.870443739915191028e-03
-9.091858391621379610e-04
-1.857133800469285868e-03
-4.726901557471748817e-03
-2.834085033265831138e-03
7.472830856838324869e-03
-1.795989205691637947e-02
1.908775957254110756e-02
3.426917516444993872e-02
-7.610213867302910917e-04
-2.789282658548383927e-03
-2.629664714215383756e-03
-1.329867918065399512e-03
2.623419335474351955e-03
7.999136753227832327e-04
-1.143884335424563302e-03
2.250821494675925294e-03
6.399548346367058861e-03
6.206498313052304094e-03
4.162957360233146380e-03
1.625046437095087554e-03
-1.521874083407159751e-04
-1.538457352078262397e-03
-1.354512555864311385e-03
4.155071115433789895e-03
2.985284756867032530e-03
-4.018380299155384708e-03
-2.834085033265810322e-03
1.571585200602305249e-02
-5.217764084090569313e-03
-5.634211008491457617e-03
1.592353570148309638e-02
1.187750344619723604e-03
-1.204949135067706449e-03
-5.658170254608495004e-04
-1.059251405347643674e-03
1.603390223537460625e-04
1.034004687233961405e-03
-5.143851465132085908e-04
-2.482044104365217080e-04
1.748752073553763893e-03
2.049738417199655632e-03
1.724809363994244142e-03
8.569832059911261382e-04
1.862166992852375515e-04
-2.301399772099171253e-04
-6.363986060071388264e-04
-2.132878116552510317e-04
2.386668177555572885e-03
-3.171826717153618269e-04
-1.889390022177216783e-03
9.880744057346825260e-01
9.951517128576828908e-01
1.028566479351948892e+00
1.034148002950227685e+00
9.766017087802371099e-01
1.017499021280326987e+00
1.063610793046726011e+00
1.014575026014872927e+00
1.026799729879146250e+00
9.963481826119325868e-01
1.045414274621419004e+00
1.023541134229972727e+00
1.013319974439831794e+00
9.892083724821352231e-01
1.026628077107041292e+00
1.032577800391923706e+00
1.019002157822747945e+00
1.050966089551606197e+00
1.023706903297436854e+00
1.058926574298558076e+00
1.044851904184938896e+00
1.053704138773859267e+00
1.080331450268947169e+00
1.052519355673599798e-02
1.052805245900134690e-02
1.053200655285357890e-02
1.052804927536721974e-02
1.052806933794731004e-02
1.053278630717054652e-02
1.053064503913908601e-02
1.052760122294444517e-02
1.052736072028833715e-02
1.052724242396493003e-02
1.052783087655726618e-02
1.052863634088439283e-02
1.052588325591197888e-02
1.052589519969572736e-02
1.052801255555118991e-02
1.052919495805620595e-02
1.052656676037427158e-02
1.052232681330022256e-02
1.052287848027569708e-02
1.052459521934441533e-02
1.052606726927771998e-02
1.052666026680102937e-02
1.052853301330898723e-02
