1.992000000000000000e+03 1.347749854743357787e+02 1.735290737933120226e+03 -4.735156699822251625e+01 9.940435047986294625e-01 2.195123176327105560e-02 7.472830856838324869e-03 1.571585200602305249e-02 9.880744057346825260e-01 -5.339838780091099579e+01
1.993000000000000000e+03 1.282204992062222288e+02 1.736428731422638521e+03 -4.734038143197039261e+01 9.806505535433092113e-01 1.514205859383130652e-03 -1.795989205691637947e-02 -5.217764084090569313e-03 9.951517128576828908e-01 -5.313853166788484828e+01
1.994000000000000000e+03 1.173654166407597188e+02 1.741821860297713783e+03 -4.730767456315443553e+01 9.897658396192063890e-01 1.024263982275828294e-02 1.908775957254110756e-02 -5.634211008491457617e-03 1.028566479351948892e+00 -5.277912707215837429e+01
1.995000000000000000e+03 1.052994190553519047e+02 1.748729908904008653e+03 -4.728625130005970334e+01 1.000640745234496753e+00 1.490188081690614098e-02 3.426917516444993872e-02 1.592353570148309638e-02 1.034148002950227685e+00 -5.313882104092526504e+01
1.996000000000000000e+03 9.225730558474825216e+01 1.750979874705687507e+03 -4.727107675703845757e+01 9.738639615333939403e-01 -6.129060163157475029e-05 -7.610213867302910917e-04 1.187750344619723604e-03 9.766017087802371099e-01 -5.313699747399924433e+01
1.997000000000000000e+03 7.850507529909484106e+01 1.754373992957365090e+03 -4.723304580907572614e+01 9.665968588809482620e-01 1.669023163762087822e-03 -2.789282658548383927e-03 -1.204949135067706449e-03 1.017499021280326987e+00 -5.270825150969115924e+01
1.998000000000000000e+03 6.576840255441778993e+01 1.765157930968098754e+03 -4.721045187386141606e+01 9.835743691599498906e-01 6.114562311170799666e-03 -2.629664714215383756e-03 -5.658170254608495004e-04 1.063610793046726011e+00 -5.290288123343034243e+01
1.999000000000000000e+03 5.481217603527492344e+01 1.772035065555982328e+03 -4.720723203337217910e+01 9.927203635742170018e-01 9.497599130551377666e-03 -1.329867918065399512e-03 -1.059251405347643674e-03 1.014575026014872927e+00 -5.317954627113574873e+01
2.000000000000000000e+03 4.565928486682889087e+01 1.772936979656142285e+03 -4.720528879154117874e+01 1.003405649821747625e+00 1.277927629524936402e-02 2.623419335474351955e-03 1.603390223537460625e-04 1.026799729879146250e+00 -5.320140647927784983e+01
2.001000000000000000e+03 3.799526055494940380e+01 1.771072011574952057e+03 -4.719732338350046774e+01 1.001980951237012141e+00 8.863944087647930917e-03 7.999136753227832327e-04 1.034004687233961405e-03 9.963481826119325868e-01 -5.321215888158504015e+01
2.002000000000000000e+03 3.162936830052784032e+01 1.772591801210522590e+03 -4.719760386593463153e+01 9.900994680418064853e-01 8.625411900873122123e-03 -1.143884335424563302e-03 -5.143851465132085908e-04 1.045414274621419004e+00 -5.315867216419866992e+01
2.003000000000000000e+03 2.635484208327147115e+01 1.776925837874285662e+03 -4.719841151406911450e+01 9.962564854509624590e-01 1.306189133475986301e-02 2.250821494675925294e-03 -2.482044104365217080e-04 1.023541134229972727e+00 -5.308546031318095260e+01
2.004000000000000000e+03 2.197691819644477818e+01 1.776859169808346905e+03 -4.719666997945093101e+01 9.990678791955288629e-01 1.572132108622046470e-02 6.399548346367058861e-03 1.748752073553763893e-03 1.013319974439831794e+00 -5.333569864567544272e+01
2.005000000000000000e+03 1.837016038253272399e+01 1.773985677081564290e+03 -4.719904128153373790e+01 9.893165354750550478e-01 9.328022444509429315e-03 6.206498313052304094e-03 2.049738417199655632e-03 9.892083724821352231e-01 -5.333461303288866873e+01
2.006000000000000000e+03 1.537384318132503580e+01 1.774701552361297217e+03 -4.719948564044684503e+01 9.778704176882178079e-01 3.707791930851922230e-03 4.162957360233146380e-03 1.724809363994244142e-03 1.026628077107041292e+00 -5.314215864944338108e+01
2.007000000000000000e+03 1.287535403927251565e+01 1.781155590741384913e+03 -4.719903057324048490e+01 9.705979650978655560e-01 -2.816917479139812190e-04 1.625046437095087554e-03 8.569832059911261382e-04 1.032577800391923706e+00 -5.303468531028854471e+01
2.008000000000000000e+03 1.078779968334491102e+01 1.786720089214637937e+03 -4.720272258915125718e+01 9.703840528506195717e-01 -2.154428805810749189e-03 -1.521874083407159751e-04 1.862166992852375515e-04 1.019002157822747945e+00 -5.327357246327801477e+01
2.009000000000000000e+03 9.032397279713487492e+00 1.793281531157180780e+03 -4.724606513495000115e+01 9.740840443384879421e-01 -2.479487430045613106e-03 -1.538457352078262397e-03 -2.301399772099171253e-04 1.050966089551606197e+00 -5.365895513894236757e+01
2.010000000000000000e+03 7.549384476159384683e+00 1.798591609258542348e+03 -4.729941198729991925e+01 9.802618866126113772e-01 -1.870443739915191028e-03 -1.354512555864311385e-03 -6.363986060071388264e-04 1.023706903297436854e+00 -5.360881250770355422e+01
2.011000000000000000e+03 6.295627131025161027e+00 1.803093541673027858e+03 -4.733387791556920376e+01 9.872593587478620814e-01 -9.091858391621379610e-04 4.155071115433789895e-03 -2.132878116552510317e-04 1.058926574298558076e+00 -5.345277269522918573e+01
2.012000000000000000e+03 5.240292840816022313e+00 1.808158910197047589e+03 -4.735064807883049554e+01 9.909045011611629095e-01 -1.857133800469285868e-03 2.985284756867032530e-03 2.386668177555572885e-03 1.044851904184938896e+00 -5.331897301653420840e+01
2.013000000000000000e+03 4.363963204980899846e+00 1.813375435439876583e+03 -4.735397888104498065e+01 9.740731354848994883e-01 -4.726901557471748817e-03 -4.018380299155384708e-03 -3.171826717153618269e-04 1.053704138773859267e+00 -5.326507332068797496e+01
2.014000000000000000e+03 3.635161489837281046e+00 1.822450801749709171e+03 -4.735435506328833100e+01 9.801843268915630958e-01 -2.834085033265831138e-03 -2.834085033265810322e-03 -1.889390022177216783e-03 1.080331450268947169e+00 -5.309485217346554720e+01
