1.992000000000000000e+03 1.346524046921105082e+02 1.733997844823734795e+03 -4.735075769730223527e+01 9.909631809714422035e-01 1.481603128055401265e-02 4.827067458004832834e-03 1.496806964108229714e-02 1.007944866989693100e+00 -5.326512479854683590e+01
1.993000000000000000e+03 1.282372849886904476e+02 1.739946244572685146e+03 -4.734466180669139135e+01 9.831145239458501939e-01 -1.641380739033746318e-03 -2.065083785753201590e-02 -5.711669269451435070e-03 1.021807336051624437e+00 -5.309065711366534401e+01
1.994000000000000000e+03 1.173476888361269772e+02 1.745458046674639036e+03 -4.731255339146467520e+01 9.923599201757301591e-01 7.559842877088118057e-03 1.774932382926874483e-02 -6.718484249204677988e-03 1.012337738304512236e+00 -5.282811571236201331e+01
1.995000000000000000e+03 1.052838042228226954e+02 1.748097705010932941e+03 -4.728342574716004520e+01 9.965122948661124802e-01 1.248571574581697381e-02 3.037983628456690163e-02 1.609004695740403126e-02 1.010161247820759778e+00 -5.319685027074028483e+01
1.996000000000000000e+03 9.226604149133329713e+01 1.749968342915711673e+03 -4.727140509763361109e+01 9.732822769802020879e-01 -8.274063674635224325e-04 -1.438531474378199537e-03 7.143022434756338525e-04 9.912491953881510387e-01 -5.315457125968259078e+01
1.997000000000000000e+03 7.849704967640103348e+01 1.752965730411816139e+03 -4.723425190748631053e+01 9.641998854175175548e-01 1.025518474273358219e-03 -1.801341062238591591e-03 -1.189470727196179772e-03 9.959522581511303096e-01 -5.272948597895255318e+01
1.998000000000000000e+03 6.578253508651825143e+01 1.763011262782496487e+03 -4.720988738337572954e+01 9.763029850566126155e-01 4.582369651594181588e-03 -2.026250315606238899e-03 -9.874390323904683287e-06 1.067222422440848639e+00 -5.290132755672216547e+01
1.999000000000000000e+03 5.483349250471846403e+01 1.772040562522517348e+03 -4.721039400944893316e+01 9.936014197043018248e-01 6.707692215908125054e-03 -1.864671365774422289e-03 -1.196345911378960498e-03 1.024793049187101346e+00 -5.313914675597564496e+01
2.000000000000000000e+03 4.566297437806085213e+01 1.774154950398762367e+03 -4.720708137717022623e+01 1.000755859198033226e+00 9.793743741221700924e-03 2.693531607108967576e-03 -4.342773729407570281e-05 1.027462942831244508e+00 -5.316130866168678182e+01
2.001000000000000000e+03 3.799653492474377714e+01 1.773403084042401133e+03 -4.720042753252451462e+01 9.985559297830411962e-01 6.511416920621385454e-03 8.465764056599343890e-04 1.197057410001975148e-03 1.002956509389259621e+00 -5.322647244750044848e+01
2.002000000000000000e+03 3.161936183779850040e+01 1.773015834922970043e+03 -4.719721323266556823e+01 9.895771257675669563e-01 5.269305769095545232e-03 -1.686648154948608425e-03 -6.499278615501067691e-04 1.019608732187689659e+00 -5.320567868393699484e+01
2.003000000000000000e+03 2.634077822935808300e+01 1.775844358581362485e+03 -4.719756723337032156e+01 9.932445458527573434e-01 9.525773377565022182e-03 1.668540301472081063e-03 -4.745042417490444981e-04 1.030790260335624042e+00 -5.311638792151296684e+01
2.004000000000000000e+03 2.196700036280909529e+01 1.774995880246444813e+03 -4.719363021510791611e+01 9.986838372630700844e-01 1.257646339447354537e-02 5.399463216216439029e-03 1.586864442730429470e-03 9.946433940586033584e-01 -5.332154811150103058e+01
2.005000000000000000e+03 1.836254076405426972e+01 1.773746364515575351e+03 -4.719923700714889492e+01 9.876646972261592383e-01 7.259018493036922814e-03 4.784213861613394181e-03 1.638721668407522357e-03 1.019280744260033122e+00 -5.330511011912442143e+01
2.006000000000000000e+03 1.536897984612235746e+01 1.774797411228001238e+03 -4.719864219069336286e+01 9.774537396747513540e-01 2.870561285876096005e-03 3.050156337067773046e-03 1.281057849884957708e-03 9.991954169999761604e-01 -5.313962680307948716e+01
2.007000000000000000e+03 1.287495593582393738e+01 1.780627131926346465e+03 -4.719536927836364981e+01 9.665694168328742286e-01 -1.128459576915844502e-04 1.149047083452020297e-03 6.137834461306641105e-04 1.048944965755778780e+00 -5.302550480408263667e+01
2.008000000000000000e+03 1.079232140342856816e+01 1.788918843651169482e+03 -4.720815419666235613e+01 9.675973540467298628e-01 -1.490943409554828418e-03 -2.868413342238610711e-04 1.252362110436406576e-04 1.023930939855602462e+00 -5.329976860355812107e+01
2.009000000000000000e+03 9.037809688742349579e+00 1.792466429865427244e+03 -4.724357058610251414e+01 9.729707067676282017e-01 -1.699027130738289641e-03 -1.866714741935853687e-03 -2.531710137542364709e-04 1.015633080273568245e+00 -5.369905652244189298e+01
2.010000000000000000e+03 7.553134090994201522e+00 1.796469305111064386e+03 -4.729489778098061947e+01 9.808644531351456974e-01 -1.004446498912031031e-03 -1.982413373385755184e-03 -7.930443846958553766e-04 1.043298156910738461e+00 -5.360256869647961508e+01
2.011000000000000000e+03 6.296569476562263290e+00 1.803230887117524389e+03 -4.733520758350073976e+01 9.890909935478194859e-01 2.099672138750551486e-04 4.243422194794958975e-03 -4.228516247159694059e-04 1.062256680137501297e+00 -5.342077330643058275e+01
2.012000000000000000e+03 5.240498874583400912e+00 1.809219197710012622e+03 -4.735275006416151200e+01 9.885894277347019310e-01 -6.773116499089535791e-04 3.892650314092158201e-03 2.601439803663291393e-03 1.050438095986211184e+00 -5.331693972243633795e+01
2.013000000000000000e+03 4.364165565078594433e+00 1.814630368016421926e+03 -4.735672612984765095e+01 9.748960530057274587e-01 -4.118861590270626351e-03 -3.433652577413286167e-03 -5.071675414948488056e-06 1.050236978100140606e+00 -5.327567108556841191e+01
2.014000000000000000e+03 3.636489196682379355e+00 1.823140012487245485e+03 -4.735543461774782514e+01 9.746702311738391078e-01 -2.740836051432093794e-03 -2.740836051432333186e-03 -1.827224034288448505e-03 1.075267541570295915e+00 -5.309852929321656489e+01
