1.362412689413482667e+02
1.731895712589851200e+03
1.059172089509235332e-02
9.909631809714422035e-01
9.831145239458501939e-01
9.923599201757301591e-01
9.965122948661124802e-01
9.732822769802020879e-01
9.641998854175175548e-01
9.763029850566126155e-01
9.936014197043018248e-01
1.000755859198033226e+00
9.985559297830411962e-01
9.895771257675669563e-01
9.932445458527573434e-01
9.986838372630700844e-01
9.876646972261592383e-01
9.774537396747513540e-01
9.665694168328742286e-01
9.675973540467298628e-01
9.729707067676282017e-01
9.808644531351456974e-01
9.890909935478194859e-01
9.885894277347019310e-01
9.748960530057274587e-01
9.746702311738391078e-01
1.481603128055401265e-02
-1.641380739033746318e-03
7.559842877088118057e-03
1.248571574581697381e-02
-8.274063674635224325e-04
1.025518474273358219e-03
4.582369651594181588e-03
6.707692215908125054e-03
9.793743741221700924e-03
6.511416920621385454e-03
5.269305769095545232e-03
9.525773377565022182e-03
1.257646339447354537e-02
7.259018493036922814e-03
2.870561285876096005e-03
-1.128459576915844502e-04
-1.490943409554828418e-03
-1.699027130738289641e-03
-1.004446498912031031e-03
2.099672138750551486e-04
-6.773116499089535791e-04
-4.118861590270626351e-03
-2.740836051432093794e-03
4.827067458004832834e-03
-2.065083785753201590e-02
1.774932382926874483e-02
3.037983628456690163e-02
-1.438531474378199537e-03
-1.801341062238591591e-03
-2.026250315606238899e-03
-1.864671365774422289e-03
2.693531607108967576e-03
8.465764056599343890e-04
-1.686648154948608425e-03
1.668540301472081063e-03
5.399463216216439029e-03
4.784213861613394181e-03
3.050156337067773046e-03
1.149047083452020297e-03
-2.868413342238610711e-04
-1.866714741935853687e-03
-1.982413373385755184e-03
4.243422194794958975e-03
3.892650314092158201e-03
-3.433652577413286167e-03
-2.740836051432333186e-03
1.496806964108229714e-02
-5.711669269451435070e-03
-6.718484249204677988e-03
1.609004695740403126e-02
7.143022434756338525e-04
-1.189470727196179772e-03
-9.874390323904683287e-06
-1.196345911378960498e-03
-4.342773729407570281e-05
1.197057410001975148e-03
-6.499278615501067691e-04
-4.745042417490444981e-04
1.586864442730429470e-03
1.638721668407522357e-03
1.281057849884957708e-03
6.137834461306641105e-04
1.252362110436406576e-04
-2.531710137542364709e-04
-7.930443846958553766e-04
-4.228516247159694059e-04
2.601439803663291393e-03
-5.071675414948488056e-06
-1.827224034288448505e-03
1.007944866989693100e+00
1.021807336051624437e+00
1.012337738304512236e+00
1.010161247820759778e+00
9.912491953881510387e-01
9.959522581511303096e-01
1.067222422440848639e+00
1.024793049187101346e+00
1.027462942831244508e+00
1.002956509389259621e+00
1.019608732187689659e+00
1.030790260335624042e+00
9.946433940586033584e-01
1.019280744260033122e+00
9.991954169999761604e-01
1.048944965755778780e+00
1.023930939855602462e+00
1.015633080273568245e+00
1.043298156910738461e+00
1.062256680137501297e+00
1.050438095986211184e+00
1.050236978100140606e+00
1.075267541570295915e+00
1.052665970044858353e-02
1.052857916661299222e-02
1.053146759198665683e-02
1.052741084700528282e-02
1.052787599404560875e-02
1.053255269124765865e-02
1.053066213234224446e-02
1.052804569190431139e-02
1.052780187023606706e-02
1.052708494820777350e-02
1.052731371813447718e-02
1.052829608076015847e-02
1.052603893839620941e-02
1.052621978716043565e-02
1.052804041050572556e-02
1.052929596021674741e-02
1.052627855384149873e-02
1.052188561923841741e-02
1.052294717436311720e-02
1.052494727363874859e-02
1.052608963933084583e-02
1.052654367161060672e-02
1.052849255828601678e-02
