1.287482671665493683e+02
1.732137043479460772e+03
1.059171543040911094e-02
9.778309977257324537e-01
9.674871999703998915e-01
9.712146378182031636e-01
9.867258243410409468e-01
9.875065240311143855e-01
9.537324033612148977e-01
9.243149536783910047e-01
9.445399387685062820e-01
9.785029691095401549e-01
9.858362674841745221e-01
9.698630264912964094e-01
9.689911331666046790e-01
9.857940781816089126e-01
9.835859837746410150e-01
9.561261911339880015e-01
9.305295314298781539e-01
9.360439754257841027e-01
9.454970704515488489e-01
9.356695719455521143e-01
9.251570150463876985e-01
9.213134513011748128e-01
9.122188649448015330e-01
9.221013028401218170e-01
-2.680690131015200928e-02
4.376718256357219755e-02
-7.582688527960901315e-02
-7.993362236648341931e-03
-4.017465580959782984e-02
-4.493788437771543270e-02
-4.098888605114555522e-02
-1.057431153212685104e-01
-1.519092354343792306e-01
-8.769648006403558960e-02
-2.325196733825756201e-01
-1.887151571298358033e-01
-3.118664124535515392e-02
-1.890191745208899196e-02
3.911768675049857175e-02
5.007138136239844967e-02
6.475083403038847663e-02
4.336625337856390289e-02
2.047810186469035693e-03
1.336874358898140491e-01
2.203367592737557890e-01
-4.337682335328851141e-02
-1.121026652967217901e-01
-9.019548240624308821e-02
-8.636889384277950110e-02
-7.796629093141281552e-02
5.003683993277270592e-02
-4.265006770889372134e-02
-1.411242751941331128e-02
1.072368741798143538e-01
1.739311970309853628e-02
-5.257720630189646749e-02
-1.090525078072433415e-02
-4.558110211902263731e-02
-1.056376558136403604e-02
-4.540738734766014417e-02
-5.965130808235008519e-02
-2.405227379015926342e-02
-2.549338255214763163e-02
7.835006606551454811e-02
-2.179012264190791429e-02
-3.231578849389512564e-01
7.507710196382338941e-02
3.759802411203622130e-01
-1.535115702910744978e-02
-1.121026652967276604e-01
-1.379933352631876053e-01
3.784909350134511158e-02
-7.958903266429491474e-02
2.394812322002998900e-02
1.614492848959294064e-03
-2.135933021652771172e-02
1.033056449801648610e-02
5.456492481296625757e-02
-3.990026084345586754e-02
3.156017143835454942e-03
-1.071053481273755853e-02
-1.967686659994264189e-02
1.263435621236886838e-02
-3.493227606661428869e-02
-3.994347410610184397e-03
-9.822514612307342921e-03
-5.900431637826481120e-03
4.650704721187288310e-02
-4.882703651185031635e-02
-1.332892427579584760e-01
1.466725152537353416e-01
8.318478306119751753e-02
-7.473511019781710341e-02
1.000000000029841463e+00
1.000000000031315173e+00
1.000000000032747360e+00
1.000000000034115377e+00
1.000000000035423220e+00
1.000000000036658454e+00
1.000000000037747805e+00
1.000000000038630432e+00
1.000000000039352521e+00
1.000000000039987125e+00
1.000000000040555115e+00
1.000000000041030290e+00
1.000000000041407544e+00
1.000000000041709747e+00
1.000000000041919135e+00
1.000000000041968873e+00
1.000000000041791681e+00
1.000000000041383341e+00
1.000000000040752957e+00
1.000000000039880321e+00
1.000000000038751891e+00
1.000000000037380543e+00
1.000000000035788705e+00
1.052605172817944364e-02
1.052839142391707311e-02
1.053120510514872314e-02
1.052725021896342393e-02
1.052787785106042498e-02
1.053256834151840814e-02
1.053017463189186501e-02
1.052720928043754216e-02
1.052701340461909864e-02
1.052658156189256559e-02
1.052692296657296508e-02
1.052782350840330249e-02
1.052565909419141479e-02
1.052579376197483596e-02
1.052772601873064491e-02
1.052882700121642555e-02
1.052579700730340434e-02
1.052124209636796405e-02
1.052164635170775749e-02
1.052362495729304744e-02
1.052500562989507060e-02
1.052545419987510611e-02
1.052784673864961586e-02
