1.992000000000000000e+03 1.299933855174115251e+02 1.734538988794316538e+03 -4.735404436032952447e+01 9.778309977257324537e-01 -2.680690131015200928e-02 -9.019548240624308821e-02 -1.379933352631876053e-01 1.000000000029841463e+00 -5.332038560245933212e+01
1.993000000000000000e+03 1.257607783240324579e+02 1.739853807406794886e+03 -4.734677444058277018e+01 9.674871999703998915e-01 4.376718256357219755e-02 -8.636889384277950110e-02 3.784909350134511158e-02 1.000000000031315173e+00 -5.310772180146449983e+01
1.994000000000000000e+03 1.149428504410307568e+02 1.745104497538565511e+03 -4.731268351050399446e+01 9.712146378182031636e-01 -7.582688527960901315e-02 -7.796629093141281552e-02 -7.958903266429491474e-02 1.000000000032747360e+00 -5.285197433296973202e+01
1.995000000000000000e+03 1.032011613844251912e+02 1.748134347549370659e+03 -4.728399741169175741e+01 9.867258243410409468e-01 -7.993362236648341931e-03 5.003683993277270592e-02 2.394812322002998900e-02 1.000000000034115377e+00 -5.321145036463359190e+01
1.996000000000000000e+03 8.985037054195974804e+01 1.749484323523473677e+03 -4.727154286172097386e+01 9.875065240311143855e-01 -4.017465580959782984e-02 -4.265006770889372134e-02 1.614492848959294064e-03 1.000000000035423220e+00 -5.315440246835378701e+01
1.997000000000000000e+03 7.622731132608878113e+01 1.753525264696855402e+03 -4.723791883634509503e+01 9.537324033612148977e-01 -4.493788437771543270e-02 -1.411242751941331128e-02 -2.135933021652771172e-02 1.000000000036658454e+00 -5.272806345125891170e+01
1.998000000000000000e+03 6.417504878977389637e+01 1.762452084293366170e+03 -4.720605428324342512e+01 9.243149536783910047e-01 -4.098888605114555522e-02 1.072368741798143538e-01 1.033056449801648610e-02 1.000000000037747805e+00 -5.294563860409540013e+01
1.999000000000000000e+03 5.383162855906032718e+01 1.771097591144080752e+03 -4.720317308307708970e+01 9.445399387685062820e-01 -1.057431153212685104e-01 1.739311970309853628e-02 5.456492481296625757e-02 1.000000000038630432e+00 -5.321517142225873442e+01
2.000000000000000000e+03 4.511398367679161225e+01 1.774158927417742916e+03 -4.720431565856031142e+01 9.785029691095401549e-01 -1.519092354343792306e-01 -5.257720630189646749e-02 -3.990026084345586754e-02 1.000000000039352521e+00 -5.323297531279103367e+01
2.001000000000000000e+03 3.764683550266298795e+01 1.773410646682371407e+03 -4.720093466775266222e+01 9.858362674841745221e-01 -8.769648006403558960e-02 -1.090525078072433415e-02 3.156017143835454942e-03 1.000000000039987125e+00 -5.327222709901923992e+01
2.002000000000000000e+03 3.132801018546903293e+01 1.773526716120351693e+03 -4.720020375009825386e+01 9.698630264912964094e-01 -2.325196733825756201e-01 -4.558110211902263731e-02 -1.071053481273755853e-02 1.000000000040555115e+00 -5.324119556488837901e+01
2.003000000000000000e+03 2.616478658975105631e+01 1.775037734188849299e+03 -4.719576023077909355e+01 9.689911331666046790e-01 -1.887151571298358033e-01 -1.056376558136403604e-02 -1.967686659994264189e-02 1.000000000041030290e+00 -5.315934188441961794e+01
2.004000000000000000e+03 2.184087907784934401e+01 1.774987871455892446e+03 -4.719525448709394055e+01 9.857940781816089126e-01 -3.118664124535515392e-02 -4.540738734766014417e-02 1.263435621236886838e-02 1.000000000041407544e+00 -5.335607349314408765e+01
2.005000000000000000e+03 1.821460699913173542e+01 1.773734892538476288e+03 -4.720266107029114266e+01 9.835859837746410150e-01 -1.890191745208899196e-02 -5.965130808235008519e-02 -3.493227606661428869e-02 1.000000000041709747e+00 -5.334383306560330595e+01
2.006000000000000000e+03 1.522209689848408765e+01 1.775200372291858685e+03 -4.720409434940187055e+01 9.561261911339880015e-01 3.911768675049857175e-02 -2.405227379015926342e-02 -3.994347410610184397e-03 1.000000000041919135e+00 -5.316820309965952873e+01
2.007000000000000000e+03 1.274078756908981624e+01 1.781037016785363221e+03 -4.719823799473210357e+01 9.305295314298781539e-01 5.007138136239844967e-02 -2.549338255214763163e-02 -9.822514612307342921e-03 1.000000000041968873e+00 -5.306813042108515788e+01
2.008000000000000000e+03 1.066920357377425432e+01 1.787904822593543031e+03 -4.720419336066228055e+01 9.360439754257841027e-01 6.475083403038847663e-02 7.835006606551454811e-02 -5.900431637826481120e-03 1.000000000041791681e+00 -5.334353808625702698e+01
2.009000000000000000e+03 8.916733702859298560e+00 1.792734787131353642e+03 -4.724294042891963130e+01 9.454970704515488489e-01 4.336625337856390289e-02 -2.179012264190791429e-02 4.650704721187288310e-02 1.000000000041383341e+00 -5.375754808287491926e+01
2.010000000000000000e+03 7.481353792044280304e+00 1.797111203014717148e+03 -4.729622134515798848e+01 9.356695719455521143e-01 2.047810186469035693e-03 -3.231578849389512564e-01 -4.882703651185031635e-02 1.000000000040752957e+00 -5.372080421407743245e+01
2.011000000000000000e+03 6.285219800548853541e+00 1.802778012520961738e+03 -4.733323727963767169e+01 9.251570150463876985e-01 1.336874358898140491e-01 7.507710196382338941e-02 -1.332892427579584760e-01 1.000000000039880321e+00 -5.354096293073051527e+01
2.012000000000000000e+03 5.222255482096676893e+00 1.809072349310747313e+03 -4.734971395446441278e+01 9.213134513011748128e-01 2.203367592737557890e-01 3.759802411203622130e-01 1.466725152537353416e-01 1.000000000038751891e+00 -5.341546910949435301e+01
2.013000000000000000e+03 4.351922916800313956e+00 1.815835319950138910e+03 -4.735534926921403098e+01 9.122188649448015330e-01 -4.337682335328851141e-02 -1.535115702910744978e-02 8.318478306119751753e-02 1.000000000037380543e+00 -5.337469705037423040e+01
2.014000000000000000e+03 3.685043362872714390e+00 1.821774098889558218e+03 -4.734344498192732686e+01 9.221013028401218170e-01 -1.121026652967217901e-01 -1.121026652967276604e-01 -7.473511019781710341e-02 1.000000000035788705e+00 -5.315723039679065209e+01
