1.333853115362718142e+02
1.735422733504095731e+03
1.059171181445519097e-02
1.005724711145967953e+00
9.847143758736232044e-01
9.575575462415580885e-01
9.699974688016712587e-01
9.861262145873964657e-01
9.513419090697295966e-01
9.261802510840339009e-01
9.558788966912061813e-01
9.874651646711180009e-01
9.833043784678543453e-01
9.578875653274756541e-01
9.619540895028669825e-01
9.884105718611108093e-01
9.882378528350300728e-01
9.567743426989541167e-01
9.371363587862494571e-01
9.356246683020592592e-01
9.329916699935727475e-01
9.345768518073593878e-01
9.352647697318242637e-01
9.282752102847390274e-01
9.088762239912535623e-01
9.204736653369873789e-01
-2.866806080016089803e-02
2.919370221159167059e-03
-1.328224332414650599e-01
-2.835040631763527039e-02
-5.907962932650764887e-02
-1.530564527134048751e-03
3.135917482426527764e-02
-3.730490350531316668e-02
-1.044135058264568650e-01
-1.393067390649562198e-01
-2.570403053087988443e-01
-2.085164882393137353e-01
-1.802925890283930965e-01
-1.564068411962611649e-01
-9.509518330859499657e-02
-6.929270256588582200e-02
-4.091790413066798832e-02
-3.349084835588286933e-03
3.814774281680687745e-02
1.039767221719600648e-01
1.421778741707193094e-01
5.962977523499402022e-02
-3.010951390609564651e-03
-5.252887198663101082e-02
-1.743629443879653185e-01
8.452062994201491042e-02
-6.520882677285047904e-03
-1.313398161889236804e-01
-1.452224767041019465e-02
7.580887018686356671e-02
5.080272067909193112e-02
8.878912734374391769e-02
-3.800167143066759956e-02
-1.112870164556759994e-01
7.297361325298522966e-03
-7.039533261626772058e-03
-3.164768353262861073e-02
-5.766668761557783816e-03
-2.786005167522850531e-02
-4.635761364295537534e-02
-8.050156970800460832e-02
-1.393885117240435123e-01
-1.018910730885183406e-02
1.311595759081684576e-01
6.038251308264520889e-02
-3.010951390610658394e-03
-1.612849614024151612e-01
6.137757284668396429e-02
-1.481380128251670591e-01
1.773548486965035587e-01
-3.117576148138526126e-02
-4.008027521320775555e-02
2.627690873016705342e-02
2.164581140743452106e-02
1.134962125633626369e-02
3.114049901584335645e-02
-5.801517245364248843e-02
-1.617617185014020784e-02
2.104107940033924512e-02
-2.095165791927084201e-02
-1.212677223398999878e-04
-3.037329517886603030e-03
-1.277964437976681494e-02
-1.450034510576286330e-02
-3.133389442632545513e-02
-4.927342404509309909e-02
3.398454867135444757e-02
4.276413488060414048e-02
-2.007300927073073313e-03
9.999999992888419786e-01
9.999999992573240792e-01
9.999999992288358674e-01
9.999999992032564400e-01
9.999999991806142186e-01
9.999999991609743732e-01
9.999999991442442004e-01
9.999999991303752944e-01
9.999999991195199778e-01
9.999999991118438958e-01
9.999999991073910133e-01
9.999999991061178095e-01
9.999999991080414929e-01
9.999999991132358934e-01
9.999999991216818040e-01
9.999999991332417792e-01
9.999999991478016881e-01
9.999999991653022446e-01
9.999999991856852732e-01
9.999999992089109169e-01
9.999999992349420941e-01
9.999999992637425006e-01
9.999999992952797179e-01
1.052546755680065088e-02
1.052803867142766171e-02
1.053132253828013148e-02
1.052768553224655602e-02
1.052807584409131379e-02
1.053241230084536045e-02
1.052997589133258978e-02
1.052700253602288985e-02
1.052693957905312915e-02
1.052680427511985643e-02
1.052722096499106828e-02
1.052795158016474504e-02
1.052560928419642508e-02
1.052567915648675891e-02
1.052752856770608134e-02
1.052858538403664453e-02
1.052581909036742064e-02
1.052149382791425260e-02
1.052173002053657415e-02
1.052346939273476716e-02
1.052491340387572312e-02
1.052556510907659906e-02
1.052794421087951959e-02
