1.992000000000000000e+03 1.337137950749139748e+02 1.735258830629342810e+03 -4.735199401260348395e+01 1.005724711145967953e+00 -2.866806080016089803e-02 -5.252887198663101082e-02 -1.612849614024151612e-01 9.999999992888419786e-01 -5.337348299317834233e+01
1.993000000000000000e+03 1.285018464866867589e+02 1.736747667342603791e+03 -4.734223144207949474e+01 9.847143758736232044e-01 2.919370221159167059e-03 -1.743629443879653185e-01 6.137757284668396429e-02 9.999999992573240792e-01 -5.313978487472815004e+01
1.994000000000000000e+03 1.176582255152559782e+02 1.742104122843702726e+03 -4.731058892154527484e+01 9.575575462415580885e-01 -1.328224332414650599e-01 8.452062994201491042e-02 -1.481380128251670591e-01 9.999999992288358674e-01 -5.284130030397693645e+01
1.995000000000000000e+03 1.053052447249401382e+02 1.748023636605411866e+03 -4.728531856313655624e+01 9.699974688016712587e-01 -2.835040631763527039e-02 -6.520882677285047904e-03 1.773548486965035587e-01 9.999999992032564400e-01 -5.317188307303521810e+01
1.996000000000000000e+03 9.204588810173903823e+01 1.750878699329695337e+03 -4.727234838834814923e+01 9.861262145873964657e-01 -5.907962932650764887e-02 -1.313398161889236804e-01 -3.117576148138526126e-02 9.999999991806142186e-01 -5.313640610492875993e+01
1.997000000000000000e+03 7.861030057392480330e+01 1.755084632199702355e+03 -4.723860652434608198e+01 9.513419090697295966e-01 -1.530564527134048751e-03 -1.452224767041019465e-02 -4.008027521320775555e-02 9.999999991609743732e-01 -5.274224672966898453e+01
1.998000000000000000e+03 6.578192490732097042e+01 1.763878848218249686e+03 -4.720800503201117237e+01 9.261802510840339009e-01 3.135917482426527764e-02 7.580887018686356671e-02 2.627690873016705342e-02 9.999999991442442004e-01 -5.296370298992825099e+01
1.999000000000000000e+03 5.489237346800940998e+01 1.771227971178706184e+03 -4.720421690502729462e+01 9.558788966912061813e-01 -3.730490350531316668e-02 5.080272067909193112e-02 2.164581140743452106e-02 9.999999991303752944e-01 -5.323396320020989947e+01
2.000000000000000000e+03 4.569729457928500693e+01 1.772549585641123485e+03 -4.720330505499769913e+01 9.874651646711180009e-01 -1.044135058264568650e-01 8.878912734374391769e-02 1.134962125633626369e-02 9.999999991195199778e-01 -5.323968559457659211e+01
2.001000000000000000e+03 3.795398908674567906e+01 1.771455874489265398e+03 -4.719887801061928201e+01 9.833043784678543453e-01 -1.393067390649562198e-01 -3.800167143066759956e-02 3.114049901584335645e-02 9.999999991118438958e-01 -5.325198387248541820e+01
2.002000000000000000e+03 3.160520016068705118e+01 1.773044299928767714e+03 -4.719888833998930977e+01 9.578875653274756541e-01 -2.570403053087988443e-01 -1.112870164556759994e-01 -5.801517245364248843e-02 9.999999991073910133e-01 -5.321410936897829913e+01
2.003000000000000000e+03 2.638801487110291077e+01 1.776221778166011291e+03 -4.719569010913438234e+01 9.619540895028669825e-01 -2.085164882393137353e-01 7.297361325298522966e-03 -1.617617185014020784e-02 9.999999991061178095e-01 -5.314770094161946901e+01
2.004000000000000000e+03 2.195879018498563795e+01 1.776398772775880161e+03 -4.719502324840596685e+01 9.884105718611108093e-01 -1.802925890283930965e-01 -7.039533261626772058e-03 2.104107940033924512e-02 9.999999991080414929e-01 -5.336060089758576197e+01
2.005000000000000000e+03 1.830186608534630466e+01 1.774363476628485387e+03 -4.720157503834609969e+01 9.882378528350300728e-01 -1.564068411962611649e-01 -3.164768353262861073e-02 -2.095165791927084201e-02 9.999999991132358934e-01 -5.335424996090964811e+01
2.006000000000000000e+03 1.533233626382611980e+01 1.775314406753482899e+03 -4.720366618466687214e+01 9.567743426989541167e-01 -9.509518330859499657e-02 -5.766668761557783816e-03 -1.212677223398999878e-04 9.999999991216818040e-01 -5.318615018532280203e+01
2.007000000000000000e+03 1.286757837870521115e+01 1.780505899387808313e+03 -4.719880092304462949e+01 9.371363587862494571e-01 -6.929270256588582200e-02 -2.786005167522850531e-02 -3.037329517886603030e-03 9.999999991332417792e-01 -5.309009198694325704e+01
2.008000000000000000e+03 1.080507358510537941e+01 1.786912947201030875e+03 -4.720501430837509105e+01 9.356246683020592592e-01 -4.091790413066798832e-02 -4.635761364295537534e-02 -1.277964437976681494e-02 9.999999991478016881e-01 -5.334153087872217469e+01
2.009000000000000000e+03 9.058946468047933465e+00 1.792987912114653454e+03 -4.724486194638799219e+01 9.329916699935727475e-01 -3.349084835588286933e-03 -8.050156970800460832e-02 -1.450034510576286330e-02 9.999999991653022446e-01 -5.373466752058486406e+01
2.010000000000000000e+03 7.575519706635709838e+00 1.798490680653391109e+03 -4.729827174592404759e+01 9.345768518073593878e-01 3.814774281680687745e-02 -1.393885117240435123e-01 -3.133389442632545513e-02 9.999999991856852732e-01 -5.371319932260942664e+01
2.011000000000000000e+03 6.312069187628883249e+00 1.803205317511083649e+03 -4.733336060537851608e+01 9.352647697318242637e-01 1.039767221719600648e-01 -1.018910730885183406e-02 -4.927342404509309909e-02 9.999999992089109169e-01 -5.355510267720564599e+01
2.012000000000000000e+03 5.235668442560458047e+00 1.807974650930133294e+03 -4.734813311829200444e+01 9.282752102847390274e-01 1.421778741707193094e-01 1.311595759081684576e-01 3.398454867135444757e-02 9.999999992349420941e-01 -5.342385184312669821e+01
2.013000000000000000e+03 4.352639234123365952e+00 1.814558286729604333e+03 -4.735370631472501657e+01 9.088762239912535623e-01 5.962977523499402022e-02 6.038251308264520889e-02 4.276413488060414048e-02 9.999999992637425006e-01 -5.336461612815845967e+01
2.014000000000000000e+03 3.642827723390273054e+00 1.821064875276451403e+03 -4.734217983064270641e+01 9.204736653369873789e-01 -3.010951390609564651e-03 -3.010951390610658394e-03 -2.007300927073073313e-03 9.999999992952797179e-01 -5.314837076482859146e+01
