1.992000000000000000e+03 1.345550072147452738e+02 1.733869130680796161e+03 -4.733234322226842750e+01 9.863879069728052063e-01 1.408835422190605688e-02 -1.738761275594708422e-03 1.307652970685850742e-02 9.999999238209933416e-01 -5.300000000108384768e+01
1.993000000000000000e+03 1.282702164868935029e+02 1.737132779660245433e+03 -4.729940122265396951e+01 9.842157222293508312e-01 -1.321434251658001749e-04 -2.656918139145401925e-02 -6.919954189955408903e-03 9.999999248788027373e-01 -5.300000000113214327e+01
1.994000000000000000e+03 1.173640327631856195e+02 1.739878146930664798e+03 -4.726871225707873947e+01 9.880637458395999939e-01 9.223802207605970305e-03 1.556891801342130677e-02 -9.001424794429399925e-03 9.999999293798037536e-01 -5.300000000115978338e+01
1.995000000000000000e+03 1.053031564899082753e+02 1.742039600090490467e+03 -4.724000825643204138e+01 9.876040798106843210e-01 1.329950940836610758e-02 3.965249779476072434e-02 1.680935061162546276e-02 9.999999361309072077e-01 -5.300000000119675292e+01
1.996000000000000000e+03 9.227651167031115165e+01 1.745077517429356249e+03 -4.721604206802221171e+01 9.749729252437738802e-01 -1.898135418918131968e-03 -8.707963011793218950e-04 1.651532355993519429e-03 9.999999440816672580e-01 -5.300000000118843246e+01
1.997000000000000000e+03 7.848928184901318161e+01 1.749353776476206349e+03 -4.719675524188937743e+01 9.686600873951395352e-01 -9.960329659323809495e-04 -3.798994940626149435e-03 -1.586647351606469041e-03 9.999999523114543321e-01 -5.300000000123495170e+01
1.998000000000000000e+03 6.576905344574097967e+01 1.752842998177412710e+03 -4.717743140613850272e+01 9.783101708918112704e-01 3.360732611488022065e-03 -2.248795448455622077e-03 -8.177425940568986079e-04 9.999999600216453732e-01 -5.300000000137072931e+01
1.999000000000000000e+03 5.482273024759682301e+01 1.753990738516263036e+03 -4.715522074054878487e+01 9.917462681889949172e-01 5.992152094634843086e-03 4.007837726052831235e-04 -6.079641942528704168e-04 9.999999665361245516e-01 -5.300000000151039359e+01
2.000000000000000000e+03 4.566925130878728112e+01 1.753278845666464804e+03 -4.713175965503968712e+01 9.989918689559095233e-01 7.125530321763103719e-03 3.737823122994553705e-03 8.126424205619370853e-04 9.999999713053907557e-01 -5.300000000160775926e+01
2.001000000000000000e+03 3.801457489744001350e+01 1.752184458145725330e+03 -4.711033154589993899e+01 9.974458168233157895e-01 3.309613842567366449e-03 8.756721737987570710e-05 1.092996229336090858e-03 9.999999739137829247e-01 -5.300000000169768555e+01
2.002000000000000000e+03 3.162904251500447117e+01 1.751621179293592604e+03 -4.709250460115121939e+01 9.941936431614085690e-01 1.797774229911510650e-03 -3.198325065253862336e-03 -1.062834941263866677e-03 9.999999740845726404e-01 -5.300000000176130754e+01
2.003000000000000000e+03 2.633557769369090806e+01 1.751219112520006092e+03 -4.707704432532844407e+01 9.961706569185500015e-01 6.387132936997249114e-03 3.768433279873761741e-05 -1.069381768905299348e-03 9.999999716981964326e-01 -5.300000000181059789e+01
2.004000000000000000e+03 2.196362698612171727e+01 1.750645770271200718e+03 -4.706305173181579704e+01 9.968024654092110248e-01 1.027949738575171038e-02 4.722037261832153290e-03 1.094504657437804767e-03 9.999999667827118577e-01 -5.300000000186877713e+01
2.005000000000000000e+03 1.836046827277335680e+01 1.750712626169494115e+03 -4.705200469050829781e+01 9.895070443491668088e-01 6.163617605379646293e-03 5.036379849219285720e-03 1.671892539009623953e-03 9.999999594909461109e-01 -5.300000000183369053e+01
2.006000000000000000e+03 1.536396017018794069e+01 1.752415739800390156e+03 -4.704540368944587669e+01 9.773729828150669041e-01 2.020295230231959442e-03 3.037359938837445178e-03 1.392529848504115266e-03 9.999999500896719073e-01 -5.300000000181825754e+01
2.007000000000000000e+03 1.286904561103361644e+01 1.755779620063346783e+03 -4.704251489330823688e+01 9.674870945665547950e-01 -7.885624400018164792e-04 4.758649844833708520e-04 5.158863183950395141e-04 9.999999389729300470e-01 -5.300000000180149584e+01
2.008000000000000000e+03 1.078819427462767599e+01 1.759791933059760140e+03 -4.704067658086830050e+01 9.651032010608262546e-01 -1.678875382099795409e-03 -1.316948536774591432e-03 -1.633998833179461571e-04 9.999999266730082992e-01 -5.300000000173610459e+01
2.009000000000000000e+03 9.037527202914308333e+00 1.763094352309714395e+03 -4.703704368726157981e+01 9.704502198852904549e-01 -1.215355718972802729e-03 -2.560488560592480076e-03 -5.716526462921079060e-04 9.999999138571842305e-01 -5.300000000161752922e+01
2.010000000000000000e+03 7.554420265350509922e+00 1.764798672175258389e+03 -4.703023097640279815e+01 9.795458490683487396e-01 -2.403036238292032125e-05 -1.875118301099691241e-03 -9.082717819490049955e-04 9.999999013282292459e-01 -5.300000000145443835e+01
2.011000000000000000e+03 6.298881277697666370e+00 1.764969473875394442e+03 -4.702098548040267900e+01 9.863395936413527076e-01 1.199256284740899585e-03 4.264272116852935689e-03 -2.734456683606627486e-04 9.999998900242631494e-01 -5.300000000116522614e+01
2.012000000000000000e+03 5.244368616423968454e+00 1.764629187344996581e+03 -4.701180234788393619e+01 9.855170188424408062e-01 7.823891996063168605e-05 3.963125324566484434e-03 2.493034997009937592e-03 9.999998810433252672e-01 -5.300000000080318330e+01
2.013000000000000000e+03 4.366638013778334937e+00 1.764978465430292545e+03 -4.700505836637746881e+01 9.787903497476589942e-01 -3.357782610133420477e-03 -2.768342464570960285e-03 1.192388421607764443e-04 9.999998756691962365e-01 -5.300000000052029492e+01
2.014000000000000000e+03 3.635724347059416051e+00 1.765848208749526293e+03 -4.699998469881294483e+01 9.787704796243241745e-01 -2.357760582249741454e-03 -2.357760582249779618e-03 -1.571840388166533551e-03 9.999998753108120253e-01 -5.300000000018400925e+01
