1.359994274027171741e+02
1.732199498581908529e+03
1.059173282414973064e-02
9.863879069728052063e-01
9.842157222293508312e-01
9.880637458395999939e-01
9.876040798106843210e-01
9.749729252437738802e-01
9.686600873951395352e-01
9.783101708918112704e-01
9.917462681889949172e-01
9.989918689559095233e-01
9.974458168233157895e-01
9.941936431614085690e-01
9.961706569185500015e-01
9.968024654092110248e-01
9.895070443491668088e-01
9.773729828150669041e-01
9.674870945665547950e-01
9.651032010608262546e-01
9.704502198852904549e-01
9.795458490683487396e-01
9.863395936413527076e-01
9.855170188424408062e-01
9.787903497476589942e-01
9.787704796243241745e-01
1.408835422190605688e-02
-1.321434251658001749e-04
9.223802207605970305e-03
1.329950940836610758e-02
-1.898135418918131968e-03
-9.960329659323809495e-04
3.360732611488022065e-03
5.992152094634843086e-03
7.125530321763103719e-03
3.309613842567366449e-03
1.797774229911510650e-03
6.387132936997249114e-03
1.027949738575171038e-02
6.163617605379646293e-03
2.020295230231959442e-03
-7.885624400018164792e-04
-1.678875382099795409e-03
-1.215355718972802729e-03
-2.403036238292032125e-05
1.199256284740899585e-03
7.823891996063168605e-05
-3.357782610133420477e-03
-2.357760582249741454e-03
-1.738761275594708422e-03
-2.656918139145401925e-02
1.556891801342130677e-02
3.965249779476072434e-02
-8.707963011793218950e-04
-3.798994940626149435e-03
-2.248795448455622077e-03
4.007837726052831235e-04
3.737823122994553705e-03
8.756721737987570710e-05
-3.198325065253862336e-03
3.768433279873761741e-05
4.722037261832153290e-03
5.036379849219285720e-03
3.037359938837445178e-03
4.758649844833708520e-04
-1.316948536774591432e-03
-2.560488560592480076e-03
-1.875118301099691241e-03
4.264272116852935689e-03
3.963125324566484434e-03
-2.768342464570960285e-03
-2.357760582249779618e-03
1.307652970685850742e-02
-6.919954189955408903e-03
-9.001424794429399925e-03
1.680935061162546276e-02
1.651532355993519429e-03
-1.586647351606469041e-03
-8.177425940568986079e-04
-6.079641942528704168e-04
8.126424205619370853e-04
1.092996229336090858e-03
-1.062834941263866677e-03
-1.069381768905299348e-03
1.094504657437804767e-03
1.671892539009623953e-03
1.392529848504115266e-03
5.158863183950395141e-04
-1.633998833179461571e-04
-5.716526462921079060e-04
-9.082717819490049955e-04
-2.734456683606627486e-04
2.493034997009937592e-03
1.192388421607764443e-04
-1.571840388166533551e-03
9.999999238209933416e-01
9.999999248788027373e-01
9.999999293798037536e-01
9.999999361309072077e-01
9.999999440816672580e-01
9.999999523114543321e-01
9.999999600216453732e-01
9.999999665361245516e-01
9.999999713053907557e-01
9.999999739137829247e-01
9.999999740845726404e-01
9.999999716981964326e-01
9.999999667827118577e-01
9.999999594909461109e-01
9.999999500896719073e-01
9.999999389729300470e-01
9.999999266730082992e-01
9.999999138571842305e-01
9.999999013282292459e-01
9.999998900242631494e-01
9.999998810433252672e-01
9.999998756691962365e-01
9.999998753108120253e-01
1.052957655903732220e-02
1.052957655903679138e-02
1.052957655903648607e-02
1.052957655903608014e-02
1.052957655903617208e-02
1.052957655903566034e-02
1.052957655903416501e-02
1.052957655903262978e-02
1.052957655903155945e-02
1.052957655903056892e-02
1.052957655902986983e-02
1.052957655902932686e-02
1.052957655902868675e-02
1.052957655902907359e-02
1.052957655902924360e-02
1.052957655902942574e-02
1.052957655903014565e-02
1.052957655903145016e-02
1.052957655903324560e-02
1.052957655903642709e-02
1.052957655904041001e-02
1.052957655904352210e-02
1.052957655904722227e-02
