1.390840987651394869e+02
1.730835526970005276e+03
1.059173282365269420e-02
1.000000000000000000e+00
1.000000000000000000e+00
1.000000000000000000e+00
1.000000000000000000e+00
1.000000000000000000e+00
1.000000000000000000e+00
1.000000000000000000e+00
1.000000000000000000e+00
1.000000000000000000e+00
1.000000000000000000e+00
1.000000000000000000e+00
1.000000000000000000e+00
1.000000000000000000e+00
1.000000000000000000e+00
1.000000000000000000e+00
1.000000000000000000e+00
1.000000000000000000e+00
1.000000000000000000e+00
1.000000000000000000e+00
1.000000000000000000e+00
1.000000000000000000e+00
1.000000000000000000e+00
1.000000000000000000e+00
5.397735092825961534e-02
3.537099964551298787e-03
2.761709628405449590e-02
4.866471933198684985e-02
1.260726101131290702e-02
2.171399817799054069e-02
3.960061858500522891e-02
5.904683473889658918e-02
7.855399663605268368e-02
6.259727999895067785e-02
7.216620237814456995e-02
8.309846633832045082e-02
8.211621873412061623e-02
5.054257527146585605e-02
2.450750627524652184e-02
4.936852344587817736e-03
-7.550248115229332875e-03
-1.481199100869955154e-02
-1.851340604275215559e-02
-1.996758075325145293e-02
-2.212626064600417553e-02
-2.224522470337718036e-02
-9.694495751848641527e-03
6.475295307001632805e-02
8.701515203791941599e-03
6.241927583823962677e-02
6.339255786142958260e-02
-2.974706803751263600e-03
-1.084392587490775293e-02
-1.245626406663905006e-02
-6.487387970212878628e-03
6.141697050272830818e-03
8.227912598451778137e-03
1.041187085085080316e-02
1.815251077022142154e-02
2.696524478782461737e-02
2.519042069385062088e-02
1.940451056407171623e-02
1.307822092425215202e-02
8.985024021161976127e-03
5.690095362047024354e-03
4.612170682313248941e-03
9.147198781938984530e-03
-4.042897457354767930e-03
-1.982160076541480964e-02
-9.694495751848533974e-03
4.655569354327133980e-02
-1.646443864566037724e-03
6.211315841104772875e-03
3.070460317292350236e-02
1.982923972396158103e-03
-2.819248778942497202e-03
-3.812064271539122341e-03
-4.007668346399187800e-03
-2.945957551419380559e-04
2.856784911749305628e-03
2.700176248990833906e-03
4.241070984910134782e-03
7.860602861904202043e-03
8.236220209657382427e-03
7.069151223418547632e-03
4.786391150828033306e-03
3.234734882780019617e-03
2.204224905063182673e-03
1.271337602374737535e-03
1.442754282000542577e-03
3.724302591433505550e-03
-5.135654050402506735e-03
-6.462997167899020914e-03
1.018259652796084769e+00
1.020493329324024145e+00
1.022736553384924640e+00
1.025133796677132114e+00
1.031184499320352499e+00
1.039996925277564266e+00
1.043613130606245942e+00
1.037559937752445594e+00
1.028647431865422401e+00
1.024553753553205215e+00
1.023365545734759685e+00
1.019742387624483326e+00
1.016449597190029586e+00
1.021411072901600381e+00
1.036183421403856997e+00
1.052326973625705930e+00
1.060051886497334506e+00
1.059177184895525370e+00
1.056282028499108572e+00
1.057923032181641965e+00
1.066519903161822436e+00
1.077619957833486186e+00
1.082833715410959963e+00
1.052957655904924669e-02
1.052957655904924669e-02
1.052957655904924669e-02
1.052957655904924669e-02
1.052957655904924669e-02
1.052957655904924669e-02
1.052957655904924669e-02
1.052957655904924669e-02
1.052957655904924669e-02
1.052957655904924669e-02
1.052957655904924669e-02
1.052957655904924669e-02
1.052957655904924669e-02
1.052957655904924669e-02
1.052957655904924669e-02
1.052957655904924669e-02
1.052957655904924669e-02
1.052957655904924669e-02
1.052957655904924669e-02
1.052957655904924669e-02
1.052957655904924669e-02
1.052957655904924669e-02
1.052957655904924669e-02
