1.361683524925726090e+02
1.730853112552633547e+03
1.059173282364605541e-02
9.890335992736689619e-01
9.859547261151362374e-01
9.895648777105459093e-01
9.895211119392620658e-01
9.753077980470109543e-01
9.676323252335582437e-01
9.778836384178468677e-01
9.930610714104799452e-01
1.001351527332781766e+00
9.977571728393902495e-01
9.915573652185587505e-01
9.939743862428453980e-01
9.970117866203911383e-01
9.906663823456423046e-01
9.775435234101257365e-01
9.665584621118961106e-01
9.647383846756042436e-01
9.715123190303279754e-01
9.816545897908722784e-01
9.884932676690117992e-01
9.857928004184529636e-01
9.757365929434528296e-01
9.749191061868592856e-01
1.544387274064264182e-02
2.735943258617594474e-04
8.447460339595411205e-03
1.167460770969432418e-02
-1.957517003897460677e-03
-5.345230802870468319e-04
3.797890053610345276e-03
6.242392545988407516e-03
7.709137290582092697e-03
3.888934813178547209e-03
2.297955032537895952e-03
6.912752849753193464e-03
1.071804907463944079e-02
6.330389917231738113e-03
2.227527432741027887e-03
-5.066043013987877805e-04
-1.461941920726665504e-03
-1.182043029352788672e-03
-1.489420291983757302e-04
1.061567976216272989e-03
-5.084431646388326613e-05
-3.610162535185266423e-03
-2.512393300670416434e-03
1.185777362636857230e-03
-2.313552546463039719e-02
1.776883288528915972e-02
3.659785136949184753e-02
-1.589714156670619504e-03
-3.574358660368066789e-03
-2.145515335845904654e-03
5.434219015008470629e-05
3.770397101563802492e-03
3.231638965813176073e-04
-2.935846259095598043e-03
3.995795257420303725e-04
4.840325729620578721e-03
4.798605157067215195e-03
2.860702879274353971e-03
5.657312731680406862e-04
-1.045513962032434269e-03
-2.371872308190474139e-03
-1.911072756434403601e-03
4.402696722298730589e-03
4.096870997365276157e-03
-2.982064210017466507e-03
-2.512393300670504037e-03
1.327927903796830185e-02
-6.070767786637237470e-03
-7.800506645137771783e-03
1.703979147483854900e-02
1.262591042274645347e-03
-1.650862991846289681e-03
-6.327827435315231622e-04
-7.115493533982762599e-04
6.943648030103503205e-04
1.184116326135471308e-03
-9.950921028258460834e-04
-9.621387365711575514e-04
1.228525087065946743e-03
1.626982331032463935e-03
1.298681204343769434e-03
4.963704079915569811e-04
-9.806495999767586460e-05
-4.791554784191174622e-04
-8.816741816328809789e-04
-3.138994581254936204e-04
2.599224485059665850e-03
1.056182772136434698e-04
-1.674928867113667985e-03
1.009444564715718196e+00
1.010259048325052200e+00
1.010845435158868266e+00
1.011410198735359200e+00
1.014073556272788501e+00
1.019510365301845800e+00
1.024720983377773953e+00
1.026523466819411867e+00
1.025526912518422762e+00
1.023659631905442735e+00
1.020702054814224935e+00
1.015933558405593740e+00
1.011584306022368152e+00
1.011414324436926693e+00
1.016543242287587523e+00
1.024185474061086509e+00
1.030727181081708466e+00
1.035608476853641768e+00
1.040246768487082418e+00
1.045891090147135660e+00
1.052633612386681072e+00
1.058590396485598939e+00
1.060699394262858419e+00
1.052957655904924669e-02
1.052957655904924669e-02
1.052957655904924669e-02
1.052957655904924669e-02
1.052957655904924669e-02
1.052957655904924669e-02
1.052957655904924669e-02
1.052957655904924669e-02
1.052957655904924669e-02
1.052957655904924669e-02
1.052957655904924669e-02
1.052957655904924669e-02
1.052957655904924669e-02
1.052957655904924669e-02
1.052957655904924669e-02
1.052957655904924669e-02
1.052957655904924669e-02
1.052957655904924669e-02
1.052957655904924669e-02
1.052957655904924669e-02
1.052957655904924669e-02
1.052957655904924669e-02
1.052957655904924669e-02
