1.992000000000000000e+03 1.346419916632636671e+02 1.733331449496167579e+03 -4.733512894179303743e+01 9.890335992736689619e-01 1.544387274064264182e-02 1.185777362636857230e-03 1.327927903796830185e-02 1.009444564715718196e+00 -5.300000000000004974e+01
1.993000000000000000e+03 1.282430007716638443e+02 1.738245248368199327e+03 -4.730736215250741594e+01 9.859547261151362374e-01 2.735943258617594474e-04 -2.313552546463039719e-02 -6.070767786637237470e-03 1.010259048325052200e+00 -5.300000000000004974e+01
1.994000000000000000e+03 1.173132422254033713e+02 1.742686662738538644e+03 -4.728130237736971253e+01 9.895648777105459093e-01 8.447460339595411205e-03 1.776883288528915972e-02 -7.800506645137771783e-03 1.010845435158868266e+00 -5.300000000000004974e+01
1.995000000000000000e+03 1.052824561123716194e+02 1.746450122513140059e+03 -4.725644068330703362e+01 9.895211119392620658e-01 1.167460770969432418e-02 3.659785136949184753e-02 1.703979147483854900e-02 1.011410198735359200e+00 -5.300000000000004974e+01
1.996000000000000000e+03 9.228226209420496673e+01 1.751339009175941101e+03 -4.723656122634878329e+01 9.753077980470109543e-01 -1.957517003897460677e-03 -1.589714156670619504e-03 1.262591042274645347e-03 1.014073556272788501e+00 -5.300000000000004974e+01
1.997000000000000000e+03 7.849986469177120796e+01 1.758321611022814523e+03 -4.722325546469296853e+01 9.676323252335582437e-01 -5.345230802870468319e-04 -3.574358660368066789e-03 -1.650862991846289681e-03 1.019510365301845800e+00 -5.300000000000004974e+01
1.998000000000000000e+03 6.577821942123148347e+01 1.765329401862730720e+03 -4.721164899922292335e+01 9.778836384178468677e-01 3.797890053610345276e-03 -2.145515335845904654e-03 -6.327827435315231622e-04 1.024720983377773953e+00 -5.300000000000004974e+01
1.999000000000000000e+03 5.482719399696370033e+01 1.770074507026227138e+03 -4.719676497007030491e+01 9.930610714104799452e-01 6.242392545988407516e-03 5.434219015008470629e-05 -7.115493533982762599e-04 1.026523466819411867e+00 -5.300000000000004974e+01
2.000000000000000000e+03 4.565999472728910291e+01 1.772376472977743560e+03 -4.717832630776208447e+01 1.001351527332781766e+00 7.709137290582092697e-03 3.770397101563802492e-03 6.943648030103503205e-04 1.025526912518422762e+00 -5.300000000000004974e+01
2.001000000000000000e+03 3.799923586504337436e+01 1.773755186040520130e+03 -4.715962459376299165e+01 9.977571728393902495e-01 3.888934813178547209e-03 3.231638965813176073e-04 1.184116326135471308e-03 1.023659631905442735e+00 -5.300000000000004974e+01
2.002000000000000000e+03 3.162383166412735491e+01 1.775336709199401184e+03 -4.714269270491355712e+01 9.915573652185587505e-01 2.297955032537895952e-03 -2.935846259095598043e-03 -9.950921028258460834e-04 1.020702054814224935e+00 -5.300000000000004974e+01
2.003000000000000000e+03 2.634212096186804075e+01 1.776276055206327101e+03 -4.712525791078348192e+01 9.939743862428453980e-01 6.912752849753193464e-03 3.995795257420303725e-04 -9.621387365711575514e-04 1.015933558405593740e+00 -5.300000000000004974e+01
2.004000000000000000e+03 2.197108917917815418e+01 1.775740888645978657e+03 -4.710574957235158422e+01 9.970117866203911383e-01 1.071804907463944079e-02 4.840325729620578721e-03 1.228525087065946743e-03 1.011584306022368152e+00 -5.300000000000004974e+01
2.005000000000000000e+03 1.836306612510477976e+01 1.775128217292941372e+03 -4.708790719089262211e+01 9.906663823456423046e-01 6.330389917231738113e-03 4.798605157067215195e-03 1.626982331032463935e-03 1.011414324436926693e+00 -5.300000000000004974e+01
2.006000000000000000e+03 1.536399341759192971e+01 1.776761340366695094e+03 -4.707715133176237998e+01 9.775435234101257365e-01 2.227527432741027887e-03 2.860702879274353971e-03 1.298681204343769434e-03 1.016543242287587523e+00 -5.300000000000004974e+01
2.007000000000000000e+03 1.287004026106679433e+01 1.781538934902374194e+03 -4.707495534991635111e+01 9.665584621118961106e-01 -5.066043013987877805e-04 5.657312731680406862e-04 4.963704079915569811e-04 1.024185474061086509e+00 -5.300000000000004974e+01
2.008000000000000000e+03 1.079028652997915572e+01 1.788269747881399326e+03 -4.707769144783780035e+01 9.647383846756042436e-01 -1.461941920726665504e-03 -1.045513962032434269e-03 -9.806495999767586460e-05 1.030727181081708466e+00 -5.300000000000004974e+01
2.009000000000000000e+03 9.038823107310511418e+00 1.794941033798634635e+03 -4.708032856053379334e+01 9.715123190303279754e-01 -1.182043029352788672e-03 -2.371872308190474139e-03 -4.791554784191174622e-04 1.035608476853641768e+00 -5.300000000000004974e+01
2.010000000000000000e+03 7.553610220684126908e+00 1.800347151364582487e+03 -4.708041867849943429e+01 9.816545897908722784e-01 -1.489420291983757302e-04 -1.911072756434403601e-03 -8.816741816328809789e-04 1.040246768487082418e+00 -5.300000000000004974e+01
2.011000000000000000e+03 6.296084837798778366e+00 1.804706570664619449e+03 -4.707899805562221474e+01 9.884932676690117992e-01 1.061567976216272989e-03 4.402696722298730589e-03 -3.138994581254936204e-04 1.045891090147135660e+00 -5.300000000000004974e+01
2.012000000000000000e+03 5.241083195995931199e+00 1.809465491308588525e+03 -4.707940466477356267e+01 9.857928004184529636e-01 -5.084431646388326613e-05 4.096870997365276157e-03 2.599224485059665850e-03 1.052633612386681072e+00 -5.300000000000004974e+01
2.013000000000000000e+03 4.365067467579861749e+00 1.816071006425784390e+03 -4.708408645138717219e+01 9.757365929434528296e-01 -3.610162535185266423e-03 -2.982064210017466507e-03 1.056182772136434698e-04 1.058590396485598939e+00 -5.300000000000004974e+01
2.014000000000000000e+03 3.636684468431870876e+00 1.823659696199895052e+03 -4.708997688153526440e+01 9.749191061868592856e-01 -2.512393300670416434e-03 -2.512393300670504037e-03 -1.674928867113667985e-03 1.060699394262858419e+00 -5.300000000000004974e+01
