1.992000000000000000e+03 1.361272955122927613e+02 1.733274339974048871e+03 -4.733602892018329555e+01 1.000000000000000000e+00 5.397735092825961534e-02 6.475295307001632805e-02 4.655569354327133980e-02 1.018259652796084769e+00 -5.300000000000004974e+01
1.993000000000000000e+03 1.282041004003924343e+02 1.737992886663357467e+03 -4.730986335204401172e+01 1.000000000000000000e+00 3.537099964551298787e-03 8.701515203791941599e-03 -1.646443864566037724e-03 1.020493329324024145e+00 -5.300000000000004974e+01
1.994000000000000000e+03 1.173459145325937669e+02 1.742618051448744154e+03 -4.728639190553862903e+01 1.000000000000000000e+00 2.761709628405449590e-02 6.241927583823962677e-02 6.211315841104772875e-03 1.022736553384924640e+00 -5.300000000000004974e+01
1.995000000000000000e+03 1.054124857590118722e+02 1.747176966524881209e+03 -4.726538803819202172e+01 1.000000000000000000e+00 4.866471933198684985e-02 6.339255786142958260e-02 3.070460317292350236e-02 1.025133796677132114e+00 -5.300000000000004974e+01
1.996000000000000000e+03 9.229587101403649285e+01 1.752061875879483978e+03 -4.724779957994307011e+01 1.000000000000000000e+00 1.260726101131290702e-02 -2.974706803751263600e-03 1.982923972396158103e-03 1.031184499320352499e+00 -5.300000000000004974e+01
1.997000000000000000e+03 7.845399418912485601e+01 1.757868712533793996e+03 -4.723505831336749594e+01 1.000000000000000000e+00 2.171399817799054069e-02 -1.084392587490775293e-02 -2.819248778942497202e-03 1.039996925277564266e+00 -5.300000000000004974e+01
1.998000000000000000e+03 6.561888870261508089e+01 1.764233856836547602e+03 -4.722541591811513229e+01 1.000000000000000000e+00 3.960061858500522891e-02 -1.245626406663905006e-02 -3.812064271539122341e-03 1.043613130606245942e+00 -5.300000000000004974e+01
1.999000000000000000e+03 5.466478544355049962e+01 1.769612359529045079e+03 -4.721373182590837558e+01 1.000000000000000000e+00 5.904683473889658918e-02 -6.487387970212878628e-03 -4.007668346399187800e-03 1.037559937752445594e+00 -5.300000000000004974e+01
2.000000000000000000e+03 4.559871210475216685e+01 1.772891517879908861e+03 -4.719688654175990905e+01 1.000000000000000000e+00 7.855399663605268368e-02 6.141697050272830818e-03 -2.945957551419380559e-04 1.028647431865422401e+00 -5.300000000000004974e+01
2.001000000000000000e+03 3.804467606647074263e+01 1.774521193073272570e+03 -4.717690840816535314e+01 1.000000000000000000e+00 6.259727999895067785e-02 8.227912598451778137e-03 2.856784911749305628e-03 1.024553753553205215e+00 -5.300000000000004974e+01
2.002000000000000000e+03 3.174279957760907678e+01 1.775449242530796255e+03 -4.715705172996331385e+01 1.000000000000000000e+00 7.216620237814456995e-02 1.041187085085080316e-02 2.700176248990833906e-03 1.023365545734759685e+00 -5.300000000000004974e+01
2.003000000000000000e+03 2.647716606408662443e+01 1.775790067674677175e+03 -4.713761029139828906e+01 1.000000000000000000e+00 8.309846633832045082e-02 1.815251077022142154e-02 4.241070984910134782e-03 1.019742387624483326e+00 -5.300000000000004974e+01
2.004000000000000000e+03 2.209609374486402089e+01 1.775408312067429733e+03 -4.711812318829544921e+01 1.000000000000000000e+00 8.211621873412061623e-02 2.696524478782461737e-02 7.860602861904202043e-03 1.016449597190029586e+00 -5.300000000000004974e+01
2.005000000000000000e+03 1.847979454597795268e+01 1.775253614012670596e+03 -4.710159948432857391e+01 1.000000000000000000e+00 5.054257527146585605e-02 2.519042069385062088e-02 8.236220209657382427e-03 1.021411072901600381e+00 -5.300000000000004974e+01
2.006000000000000000e+03 1.544665664711427766e+01 1.777091790994733174e+03 -4.709324145948379226e+01 1.000000000000000000e+00 2.450750627524652184e-02 1.940451056407171623e-02 7.069151223418547632e-03 1.036183421403856997e+00 -5.300000000000004974e+01
2.007000000000000000e+03 1.290173620995304304e+01 1.781784185318347909e+03 -4.709474479134512137e+01 1.000000000000000000e+00 4.936852344587817736e-03 1.307822092425215202e-02 4.786391150828033306e-03 1.052326973625705930e+00 -5.300000000000004974e+01
2.008000000000000000e+03 1.078078659222444635e+01 1.788286752394599034e+03 -4.710159706980099514e+01 1.000000000000000000e+00 -7.550248115229332875e-03 8.985024021161976127e-03 3.234734882780019617e-03 1.060051886497334506e+00 -5.300000000000004974e+01
2.009000000000000000e+03 9.008597304411079421e+00 1.794708726185946716e+03 -4.710727348013077176e+01 1.000000000000000000e+00 -1.481199100869955154e-02 5.690095362047024354e-03 2.204224905063182673e-03 1.059177184895525370e+00 -5.300000000000004974e+01
2.010000000000000000e+03 7.522264835894231005e+00 1.800022785088319779e+03 -4.710880034678521611e+01 1.000000000000000000e+00 -1.851340604275215559e-02 4.612170682313248941e-03 1.271337602374737535e-03 1.056282028499108572e+00 -5.300000000000004974e+01
2.011000000000000000e+03 6.273456532355594639e+00 1.804618598865012473e+03 -4.710792932151930756e+01 1.000000000000000000e+00 -1.996758075325145293e-02 9.147198781938984530e-03 1.442754282000542577e-03 1.057923032181641965e+00 -5.300000000000004974e+01
2.012000000000000000e+03 5.226397643873540666e+00 1.809720776669630368e+03 -4.710871819550399664e+01 1.000000000000000000e+00 -2.212626064600417553e-02 -4.042897457354767930e-03 3.724302591433505550e-03 1.066519903161822436e+00 -5.300000000000004974e+01
2.013000000000000000e+03 4.351027122026365213e+00 1.816198064072403213e+03 -4.711357969709040105e+01 1.000000000000000000e+00 -2.224522470337718036e-02 -1.982160076541480964e-02 -5.135654050402506735e-03 1.077619957833486186e+00 -5.300000000000004974e+01
2.014000000000000000e+03 3.617374789831501403e+00 1.823540447028710560e+03 -4.712038955114306304e+01 1.000000000000000000e+00 -9.694495751848641527e-03 -9.694495751848533974e-03 -6.462997167899020914e-03 1.082833715410959963e+00 -5.300000000000004974e+01
