1.992000000000000000e+03 1.309302993139156399e+02 1.734003211863857587e+03 -4.734902801156826513e+01 9.860430993144343459e-01 4.613058638571931720e-12 -1.557668301593600400e-12 7.223339740292948526e-13 1.010925066314046994e+00 -5.320775682716549682e+01
1.993000000000000000e+03 1.252647975343484177e+02 1.739962078610896697e+03 -4.733946131995215012e+01 9.886524960928511074e-01 2.513853426374402386e-12 -3.597106436869605747e-12 -8.559122633178473945e-13 1.019779041024428068e+00 -5.308239146790405272e+01
1.994000000000000000e+03 1.146105780482802032e+02 1.745329804566982148e+03 -4.731073142330721737e+01 1.007435753621499286e+00 3.902132090380743773e-12 -3.019204945560507747e-13 -1.286189176688919769e-12 1.030100681846648047e+00 -5.285956427183769080e+01
1.995000000000000000e+03 1.029960917458966918e+02 1.748293457594105803e+03 -4.728671507893722747e+01 1.020278155009258558e+00 4.937653644041264462e-12 5.343430738195613259e-12 9.409675566632566685e-13 1.028594116467959729e+00 -5.317115648629533098e+01
1.996000000000000000e+03 9.011900614719067448e+01 1.749391273097692874e+03 -4.727339042838274707e+01 1.003170785058497883e+00 4.400335996265980822e-13 6.890129744383170104e-13 4.497561281177889586e-13 1.010845799389873401e+00 -5.311168727296022496e+01
1.997000000000000000e+03 7.634929473597789240e+01 1.753178981036791811e+03 -4.723945208680613206e+01 9.622392588131160052e-01 -1.285020264099956592e-13 -9.784744257714048393e-14 6.814041392965402620e-15 1.006970157220383744e+00 -5.274151539230154384e+01
1.998000000000000000e+03 6.411247013067817591e+01 1.762719341766095113e+03 -4.721184225925512123e+01 9.395024706080308263e-01 1.409766538359062526e-14 -1.556782393178717610e-14 -6.227676540110080420e-14 1.018903886793106839e+00 -5.293858378222027028e+01
1.999000000000000000e+03 5.378849373932700928e+01 1.771803293759179724e+03 -4.720912484785444718e+01 9.531395967322991991e-01 2.590635397143671256e-13 -3.986792574453268998e-14 4.630134966962629503e-14 1.006338365751080044e+00 -5.317311480302100790e+01
2.000000000000000000e+03 4.505824152494100332e+01 1.774571061390260638e+03 -4.720402354910879694e+01 9.680424724480631848e-01 4.868103603278572651e-13 -3.028157943141957670e-14 -6.767425491602171868e-14 9.898765038662261651e-01 -5.319635862324467723e+01
2.001000000000000000e+03 3.762988837108473916e+01 1.773258597718338706e+03 -4.719407177382795027e+01 9.808955516586375101e-01 5.092553673144526294e-13 2.802942478421015156e-14 3.090839575418975807e-14 9.917060249091380619e-01 -5.325270954587368522e+01
2.002000000000000000e+03 3.135170004425937762e+01 1.773206960697047862e+03 -4.719303231132254695e+01 9.796736645039998415e-01 5.354332253420617159e-13 -1.555286271985031479e-13 -1.255544290739128020e-14 1.010482830725039083e+00 -5.323993841823337902e+01
2.003000000000000000e+03 2.614165848866582564e+01 1.775365192072390073e+03 -4.719423319705173725e+01 9.820091305085185684e-01 1.275045948788604281e-12 -1.157611415915942263e-13 -9.113030855829883110e-14 1.015289845069389907e+00 -5.316585636135273774e+01
2.004000000000000000e+03 2.182614296891806305e+01 1.775405566798627206e+03 -4.719595871487669569e+01 9.929546293025666159e-01 2.098162871988174867e-12 1.027912473270716703e-13 1.395621416387324204e-14 1.003519517186463483e+00 -5.334377802233547783e+01
2.005000000000000000e+03 1.823924260398857911e+01 1.773657421097609358e+03 -4.720022695132375645e+01 9.933841706778603342e-01 1.663596180124469029e-12 2.509318011723767552e-13 4.442971799099755726e-14 1.006534225223733259e+00 -5.329633929651988922e+01
2.006000000000000000e+03 1.524061380044046743e+01 1.774615479491921860e+03 -4.719965078016807780e+01 9.889281528038517122e-01 1.256687011114002401e-12 3.423246758064400302e-13 1.014915147690188798e-13 1.024947692691612788e+00 -5.312221324583865822e+01
2.007000000000000000e+03 1.274755865930163701e+01 1.781021133352373681e+03 -4.719901385975455810e+01 9.722041891091962595e-01 8.231322699798592883e-13 3.681675670297247842e-13 1.033808686532874518e-13 1.044107248737477178e+00 -5.303007922664448870e+01
2.008000000000000000e+03 1.067552283230624255e+01 1.788669724923337981e+03 -4.721058648503762356e+01 9.711180730668909078e-01 4.525649008609482452e-13 4.299459341558067568e-13 1.168592415756533080e-13 1.030358349213789548e+00 -5.329687227244417613e+01
2.009000000000000000e+03 8.936388315091303269e+00 1.792502970762750465e+03 -4.724545395507983869e+01 9.721692872683215247e-01 1.043831999935240426e-13 7.224108708229449024e-14 1.358171049559942901e-13 1.014257605442439703e+00 -5.367699815894933124e+01
2.010000000000000000e+03 7.480861296627938195e+00 1.796526387876471972e+03 -4.729400144646089643e+01 9.601315873328384320e-01 -1.057654133127206180e-13 -2.907509972960486824e-13 -7.012510418757160801e-14 1.026134116678015351e+00 -5.362453647073684238e+01
2.011000000000000000e+03 6.262516744560379323e+00 1.803409372007448837e+03 -4.733385120929256829e+01 9.600005266117862535e-01 1.115816908545191691e-14 9.244491214495419560e-13 -9.896711520778486637e-14 1.037217884679502822e+00 -5.348318825759523776e+01
2.012000000000000000e+03 5.234966528103512040e+00 1.809059399948215514e+03 -4.735160322794085630e+01 9.662112048065196745e-01 -1.728753461666828345e-13 8.582631297464883775e-13 5.722132236059739667e-13 1.027259778332579421e+00 -5.337354986260767475e+01
2.013000000000000000e+03 4.379722779998364679e+00 1.814713940855116334e+03 -4.735503740668278994e+01 9.396765460373897039e-01 -9.280597858325115884e-13 -7.733907156155826502e-13 -3.024301997408540568e-17 1.024864465800965796e+00 -5.330146217400788800e+01
2.014000000000000000e+03 3.671005838827542167e+00 1.823164510963491693e+03 -4.734828883785468889e+01 9.352666883994823488e-01 -6.186762808683921790e-13 -6.186762808685689848e-13 -4.124508539122067583e-13 1.034557273768449637e+00 -5.310821549850064116e+01
