1.317907614903791398e+02
1.731136753426520499e+03
1.059172471702396479e-02
9.860430993144343459e-01
9.886524960928511074e-01
1.007435753621499286e+00
1.020278155009258558e+00
1.003170785058497883e+00
9.622392588131160052e-01
9.395024706080308263e-01
9.531395967322991991e-01
9.680424724480631848e-01
9.808955516586375101e-01
9.796736645039998415e-01
9.820091305085185684e-01
9.929546293025666159e-01
9.933841706778603342e-01
9.889281528038517122e-01
9.722041891091962595e-01
9.711180730668909078e-01
9.721692872683215247e-01
9.601315873328384320e-01
9.600005266117862535e-01
9.662112048065196745e-01
9.396765460373897039e-01
9.352666883994823488e-01
4.613058638571931720e-12
2.513853426374402386e-12
3.902132090380743773e-12
4.937653644041264462e-12
4.400335996265980822e-13
-1.285020264099956592e-13
1.409766538359062526e-14
2.590635397143671256e-13
4.868103603278572651e-13
5.092553673144526294e-13
5.354332253420617159e-13
1.275045948788604281e-12
2.098162871988174867e-12
1.663596180124469029e-12
1.256687011114002401e-12
8.231322699798592883e-13
4.525649008609482452e-13
1.043831999935240426e-13
-1.057654133127206180e-13
1.115816908545191691e-14
-1.728753461666828345e-13
-9.280597858325115884e-13
-6.186762808683921790e-13
-1.557668301593600400e-12
-3.597106436869605747e-12
-3.019204945560507747e-13
5.343430738195613259e-12
6.890129744383170104e-13
-9.784744257714048393e-14
-1.556782393178717610e-14
-3.986792574453268998e-14
-3.028157943141957670e-14
2.802942478421015156e-14
-1.555286271985031479e-13
-1.157611415915942263e-13
1.027912473270716703e-13
2.509318011723767552e-13
3.423246758064400302e-13
3.681675670297247842e-13
4.299459341558067568e-13
7.224108708229449024e-14
-2.907509972960486824e-13
9.244491214495419560e-13
8.582631297464883775e-13
-7.733907156155826502e-13
-6.186762808685689848e-13
7.223339740292948526e-13
-8.559122633178473945e-13
-1.286189176688919769e-12
9.409675566632566685e-13
4.497561281177889586e-13
6.814041392965402620e-15
-6.227676540110080420e-14
4.630134966962629503e-14
-6.767425491602171868e-14
3.090839575418975807e-14
-1.255544290739128020e-14
-9.113030855829883110e-14
1.395621416387324204e-14
4.442971799099755726e-14
1.014915147690188798e-13
1.033808686532874518e-13
1.168592415756533080e-13
1.358171049559942901e-13
-7.012510418757160801e-14
-9.896711520778486637e-14
5.722132236059739667e-13
-3.024301997408540568e-17
-4.124508539122067583e-13
1.010925066314046994e+00
1.019779041024428068e+00
1.030100681846648047e+00
1.028594116467959729e+00
1.010845799389873401e+00
1.006970157220383744e+00
1.018903886793106839e+00
1.006338365751080044e+00
9.898765038662261651e-01
9.917060249091380619e-01
1.010482830725039083e+00
1.015289845069389907e+00
1.003519517186463483e+00
1.006534225223733259e+00
1.024947692691612788e+00
1.044107248737477178e+00
1.030358349213789548e+00
1.014257605442439703e+00
1.026134116678015351e+00
1.037217884679502822e+00
1.027259778332579421e+00
1.024864465800965796e+00
1.034557273768449637e+00
1.052729085471325668e-02
1.052867010376929563e-02
1.053112160242729647e-02
1.052769352603902427e-02
1.052834779648643623e-02
1.053242034682660630e-02
1.053025224753107933e-02
1.052767198094764836e-02
1.052741625603633574e-02
1.052679629136158909e-02
1.052693679752299445e-02
1.052775183717198811e-02
1.052579436755448836e-02
1.052631628264165571e-02
1.052823199153710837e-02
1.052924563330361746e-02
1.052631041890846747e-02
1.052212830465446003e-02
1.052270548600724685e-02
1.052426058992870540e-02
1.052546682111045288e-02
1.052625992139360860e-02
1.052838599234799319e-02
