1.992000000000000000e+03 1.342960122790944411e+02 1.735304013806023249e+03 -4.735521093409267479e+01 1.043554401097733786e+00 6.279446240837036438e-14 -1.490500542212859590e-21 1.125758816533383015e-19 1.029811953242849132e+00 -5.337272082907151827e+01
1.993000000000000000e+03 1.280648084542838490e+02 1.736409616738487102e+03 -4.734200573583491689e+01 9.276557244182019879e-01 -1.580584514016919285e-14 -1.517147534458825341e-21 -1.030249706434082268e-19 9.501616823737828454e-01 -5.313765405979820144e+01
1.994000000000000000e+03 1.177406945423353761e+02 1.741843798507748716e+03 -4.730291184340984501e+01 9.796058237492351051e-01 1.340886938043543747e-13 1.698009836631200073e-21 1.569457774615638404e-21 1.020702644246649804e+00 -5.277325720213921301e+01
1.995000000000000000e+03 1.052483403718835859e+02 1.748719012971413349e+03 -4.728726644947278857e+01 1.080424736628567750e+00 1.052703501395003095e-13 3.154102295919147447e-22 9.682042498054965778e-20 1.100790745906260915e+00 -5.311219846286807922e+01
1.996000000000000000e+03 9.206109677271120972e+01 1.751022347868217139e+03 -4.727384667298595389e+01 9.268793496215961270e-01 -1.126726066198955362e-15 -1.189757278670411384e-22 -1.300429010090968200e-20 9.382319118719779638e-01 -5.314283645835282499e+01
1.997000000000000000e+03 7.860253462123834822e+01 1.754347890573881386e+03 -4.723091401549872614e+01 9.392338883437544306e-01 1.711602129114778213e-14 1.734916772523914487e-23 3.605806261163237411e-21 9.921382275028050035e-01 -5.274752778087344041e+01
1.998000000000000000e+03 6.580170939903452165e+01 1.765230145885716183e+03 -4.721059975491048988e+01 9.916607610923758864e-01 1.756334307407453499e-14 1.812142213255004036e-23 -2.117100831418024680e-21 1.073438194682246660e+00 -5.291879544092215326e+01
1.999000000000000000e+03 5.484253902752373477e+01 1.772016100999605897e+03 -4.720665382571554147e+01 9.698469913659958364e-01 2.627045499668694337e-14 3.269149474146146340e-23 2.966596110420975315e-21 9.913274952328308132e-01 -5.318813640862840941e+01
2.000000000000000000e+03 4.571709300116997809e+01 1.772958069927136648e+03 -4.720374275099170802e+01 1.003196260367734238e+00 3.538144069488855286e-14 1.265709491203196365e-22 -7.309371899714816588e-22 1.030423946690283588e+00 -5.321367194941772993e+01
2.001000000000000000e+03 3.792697403056919825e+01 1.771075111017071322e+03 -4.719938930777534125e+01 1.019125177845077390e+00 2.704444569737212000e-14 -3.198797171283779801e-23 5.967988468128792399e-21 1.007293728951249356e+00 -5.322924163967102373e+01
2.002000000000000000e+03 3.161424970849092375e+01 1.772573260984948547e+03 -4.719682594662199904e+01 9.318286653474125991e-01 1.459442424153842336e-14 -6.736058559804661109e-23 -8.321443186079006076e-21 9.987512042608828189e-01 -5.317569652069520458e+01
2.003000000000000000e+03 2.640594596055971266e+01 1.776962203687111014e+03 -4.719457612765376098e+01 1.009433620949021337e+00 3.555291511506226358e-14 1.585078254277415210e-22 3.830737479542077616e-21 1.032097117870850012e+00 -5.309260528804915680e+01
2.004000000000000000e+03 2.194489347951227032e+01 1.776844759831903502e+03 -4.719680945693794172e+01 1.016344663481403066e+00 4.168832612338203152e-14 -6.535946918440430109e-24 6.736450882304032256e-21 1.030428791584047543e+00 -5.333385699949466385e+01
2.005000000000000000e+03 1.831022383867897929e+01 1.774002920251088881e+03 -4.720082685557103019e+01 9.854915424897624510e-01 2.705361184383845072e-14 4.556446631630587170e-23 -5.839297542231582079e-21 9.840898357958698384e-01 -5.333822442359781490e+01
2.006000000000000000e+03 1.533181099594056640e+01 1.774681611724492541e+03 -4.720081791329688770e+01 9.711648869392773831e-01 2.557713455586462223e-14 1.644317021824085261e-22 7.333114955202018352e-21 1.022260028942094445e+00 -5.315609239172380995e+01
2.007000000000000000e+03 1.286240724096145449e+01 1.781178525497816963e+03 -4.719992343322143569e+01 9.532159437427656368e-01 8.937581227390444327e-15 1.255836021975635798e-22 2.960498795592164009e-21 1.016625857577708736e+00 -5.305662576103242856e+01
2.008000000000000000e+03 1.080372443409608252e+01 1.786701502923805492e+03 -4.720250168504280452e+01 9.529325997195783327e-01 -2.265773120755996531e-16 2.187430440139862350e-22 4.451593691880959407e-21 1.004384226763407773e+00 -5.330106546178348026e+01
2.009000000000000000e+03 9.063998644633505464e+00 1.793303209961291259e+03 -4.724485137221823550e+01 9.609557355172561044e-01 -1.164777026178581729e-14 2.663467344030957151e-23 8.105020727244382617e-21 1.039444178738915925e+00 -5.367558125395832747e+01
2.010000000000000000e+03 7.579976058845980802e+00 1.798578424997726643e+03 -4.729804253086278010e+01 9.798607690006653215e-01 -1.946696256058768148e-14 -3.658764169969948273e-22 -5.063500664980414406e-21 1.023125539225098191e+00 -5.361870817889358420e+01
2.011000000000000000e+03 6.316827599186285447e+00 1.803080432382127128e+03 -4.733259882494067483e+01 9.895072987528609199e-01 -3.319482405598860615e-15 6.060072796877221284e-23 -1.546260837452509812e-20 1.061098654261611651e+00 -5.343894630675394097e+01
2.012000000000000000e+03 5.237791013245428395e+00 1.808185665311521689e+03 -4.735224556757766834e+01 1.029264369331886142e+00 9.329764828667591336e-15 3.120101068359942097e-22 1.560212552462251446e-20 1.078669632123518518e+00 -5.330208857886409390e+01
2.013000000000000000e+03 4.348403733645507252e+00 1.813311381594174236e+03 -4.735722950343978965e+01 9.650512632846328653e-01 -1.484947138350735292e-14 -1.133484983336712080e-22 4.158838611561048683e-21 1.044750199027564719e+00 -5.326639634273067259e+01
2.014000000000000000e+03 3.642629506092597502e+00 1.822489693797596374e+03 -4.735110301417589085e+01 9.173855712680596408e-01 -1.405848620056405457e-14 -1.405848620056352177e-22 -9.372324133711275033e-21 1.026790439206116679e+00 -5.310369448873741760e+01
