1.362172498575752684e+02
1.735689096944502126e+03
1.059171415236335144e-02
1.043554401097733786e+00
9.276557244182019879e-01
9.796058237492351051e-01
1.080424736628567750e+00
9.268793496215961270e-01
9.392338883437544306e-01
9.916607610923758864e-01
9.698469913659958364e-01
1.003196260367734238e+00
1.019125177845077390e+00
9.318286653474125991e-01
1.009433620949021337e+00
1.016344663481403066e+00
9.854915424897624510e-01
9.711648869392773831e-01
9.532159437427656368e-01
9.529325997195783327e-01
9.609557355172561044e-01
9.798607690006653215e-01
9.895072987528609199e-01
1.029264369331886142e+00
9.650512632846328653e-01
9.173855712680596408e-01
6.279446240837036438e-14
-1.580584514016919285e-14
1.340886938043543747e-13
1.052703501395003095e-13
-1.126726066198955362e-15
1.711602129114778213e-14
1.756334307407453499e-14
2.627045499668694337e-14
3.538144069488855286e-14
2.704444569737212000e-14
1.459442424153842336e-14
3.555291511506226358e-14
4.168832612338203152e-14
2.705361184383845072e-14
2.557713455586462223e-14
8.937581227390444327e-15
-2.265773120755996531e-16
-1.164777026178581729e-14
-1.946696256058768148e-14
-3.319482405598860615e-15
9.329764828667591336e-15
-1.484947138350735292e-14
-1.405848620056405457e-14
-1.490500542212859590e-21
-1.517147534458825341e-21
1.698009836631200073e-21
3.154102295919147447e-22
-1.189757278670411384e-22
1.734916772523914487e-23
1.812142213255004036e-23
3.269149474146146340e-23
1.265709491203196365e-22
-3.198797171283779801e-23
-6.736058559804661109e-23
1.585078254277415210e-22
-6.535946918440430109e-24
4.556446631630587170e-23
1.644317021824085261e-22
1.255836021975635798e-22
2.187430440139862350e-22
2.663467344030957151e-23
-3.658764169969948273e-22
6.060072796877221284e-23
3.120101068359942097e-22
-1.133484983336712080e-22
-1.405848620056352177e-22
1.125758816533383015e-19
-1.030249706434082268e-19
1.569457774615638404e-21
9.682042498054965778e-20
-1.300429010090968200e-20
3.605806261163237411e-21
-2.117100831418024680e-21
2.966596110420975315e-21
-7.309371899714816588e-22
5.967988468128792399e-21
-8.321443186079006076e-21
3.830737479542077616e-21
6.736450882304032256e-21
-5.839297542231582079e-21
7.333114955202018352e-21
2.960498795592164009e-21
4.451593691880959407e-21
8.105020727244382617e-21
-5.063500664980414406e-21
-1.546260837452509812e-20
1.560212552462251446e-20
4.158838611561048683e-21
-9.372324133711275033e-21
1.029811953242849132e+00
9.501616823737828454e-01
1.020702644246649804e+00
1.100790745906260915e+00
9.382319118719779638e-01
9.921382275028050035e-01
1.073438194682246660e+00
9.913274952328308132e-01
1.030423946690283588e+00
1.007293728951249356e+00
9.987512042608828189e-01
1.032097117870850012e+00
1.030428791584047543e+00
9.840898357958698384e-01
1.022260028942094445e+00
1.016625857577708736e+00
1.004384226763407773e+00
1.039444178738915925e+00
1.023125539225098191e+00
1.061098654261611651e+00
1.078669632123518518e+00
1.044750199027564719e+00
1.026790439206116679e+00
1.052547594204727294e-02
1.052806211429962308e-02
1.053207113166800338e-02
1.052834217246332096e-02
1.052800509840951491e-02
1.053235420010596203e-02
1.053046995455864630e-02
1.052750671558362605e-02
1.052722577741646744e-02
1.052705448195504802e-02
1.052764357729604229e-02
1.052855773314443147e-02
1.052590351748572579e-02
1.052585546760026990e-02
1.052785925879734866e-02
1.052895357336068073e-02
1.052626428597138938e-02
1.052214389339419659e-02
1.052276960859469673e-02
1.052474733601301872e-02
1.052625302976642994e-02
1.052664571109113677e-02
1.052843573171028876e-02
