1.992000000000000000e+03 1.346518666799408379e+02 1.733034958532291284e+03 -4.735337620789192670e+01 9.885724852856418998e-01 1.477622177043443757e-02 9.206191991204332116e-05 1.302677304742510915e-02 1.011336432459092549e+00 -5.327486942548797799e+01
1.993000000000000000e+03 1.282734052597987784e+02 1.738299995262464563e+03 -4.734463481510786664e+01 9.859660676393479095e-01 2.990825757315151360e-04 -2.382694064091231759e-02 -6.302460623542148650e-03 1.011227564048665206e+00 -5.307786508973688910e+01
1.994000000000000000e+03 1.173291294529606574e+02 1.742818829407079647e+03 -4.730922397430048676e+01 9.896806955534872552e-01 8.998888857913910078e-03 1.734542085006196901e-02 -7.991705942228871304e-03 1.010851849409419856e+00 -5.283467991100410188e+01
1.995000000000000000e+03 1.052780538500185656e+02 1.746552414964169202e+03 -4.728178625879253616e+01 9.892535006259849384e-01 1.250064777314526150e-02 3.744511079883995619e-02 1.696079959425893929e-02 1.011123233060024829e+00 -5.317025357554594223e+01
1.996000000000000000e+03 9.227061823617107450e+01 1.751383388183762463e+03 -4.727477841425986327e+01 9.751874412148272553e-01 -1.837354773141489876e-03 -1.385804525501087552e-03 1.373057222144230104e-03 1.013570477367541134e+00 -5.310994978217353690e+01
1.997000000000000000e+03 7.849129287831871693e+01 1.758243368259550152e+03 -4.724576481594044708e+01 9.675916838144655863e-01 -5.726259375803490793e-04 -3.663795173214049947e-03 -1.632755270396213073e-03 1.018697722255051286e+00 -5.270876117021305873e+01
1.998000000000000000e+03 6.577649824920446520e+01 1.765170449759661551e+03 -4.721096941065017205e+01 9.773709838385646886e-01 3.782227820473211058e-03 -2.204154158157026373e-03 -6.999748660858806561e-04 1.024143876333794889e+00 -5.293153636263569695e+01
1.999000000000000000e+03 5.483164026618462117e+01 1.769992973520171972e+03 -4.720306592056633122e+01 9.922767203454622154e-01 6.326059591418083106e-03 1.274315664277400866e-04 -6.864801253043644868e-04 1.026570414154166277e+00 -5.318083143796248180e+01
2.000000000000000000e+03 4.566827349787869395e+01 1.772461075454183856e+03 -4.720348318896239448e+01 1.000852888815192188e+00 7.757029395290509881e-03 3.740655078471257552e-03 7.163320384283894567e-04 1.025959521511732309e+00 -5.315434276496610977e+01
2.001000000000000000e+03 3.800622303270133528e+01 1.773924018115129456e+03 -4.720102521383917349e+01 9.981055529911028179e-01 3.932866774721810281e-03 3.163856176479913737e-04 1.156912316730289957e-03 1.024063139116987653e+00 -5.317482446768062232e+01
2.002000000000000000e+03 3.162524872830666212e+01 1.775416367048308075e+03 -4.719947855290962480e+01 9.926789042158917775e-01 2.410900716023930360e-03 -2.876461176832206292e-03 -9.717882599488392691e-04 1.020876668579509206e+00 -5.317937407889550627e+01
2.003000000000000000e+03 2.633888968889211313e+01 1.776191907252268948e+03 -4.719324951403069690e+01 9.949650120568424017e-01 6.921439562544690234e-03 3.805811112303925255e-04 -9.458525246059529268e-04 1.016014529656650733e+00 -5.313682699423261369e+01
2.004000000000000000e+03 2.196717896837710171e+01 1.775581463481373476e+03 -4.719308189429860789e+01 9.973001659648422779e-01 1.063109835515643406e-02 4.797950624599137646e-03 1.199573265426169544e-03 1.011733335772311726e+00 -5.333797595315492401e+01
2.005000000000000000e+03 1.836055670987454391e+01 1.774977874013542987e+03 -4.720313360334615993e+01 9.905166726618135353e-01 6.295414700380122866e-03 4.827369645439145464e-03 1.627553668638932315e-03 1.011291890207902666e+00 -5.332907134352859657e+01
2.006000000000000000e+03 1.536272657185317314e+01 1.776573361411618180e+03 -4.720649270247967166e+01 9.773402609853968359e-01 2.190763350922898030e-03 2.904480231621668976e-03 1.314050542235848220e-03 1.015823786487445091e+00 -5.315648313708476280e+01
2.007000000000000000e+03 1.286946360895559849e+01 1.781241196910371400e+03 -4.720003918011106236e+01 9.663631093150549800e-01 -5.631210692720626729e-04 5.874451845322950679e-04 5.076409994089038993e-04 1.023248077500973130e+00 -5.303546749146759254e+01
2.008000000000000000e+03 1.079039268961478193e+01 1.787940166802755584e+03 -4.720563676680944809e+01 9.643358000846584677e-01 -1.527223527335133972e-03 -1.037146966934593450e-03 -9.542830154444044064e-05 1.030474511662691217e+00 -5.326031624537564113e+01
2.009000000000000000e+03 9.039712240030558732e+00 1.794791773353073040e+03 -4.724610780032223545e+01 9.709081059292198335e-01 -1.241884483417939533e-03 -2.332225123277473569e-03 -4.768024077962431913e-04 1.036409526965641703e+00 -5.363885098119824590e+01
2.010000000000000000e+03 7.555035085072652201e+00 1.800506842232498229e+03 -4.729891904751382015e+01 9.812013247001738492e-01 -2.122672375503285619e-04 -1.858797968699394494e-03 -8.624114728443143694e-04 1.041467336675048649e+00 -5.359836188240574018e+01
2.011000000000000000e+03 6.297551292030225234e+00 1.805102312398848881e+03 -4.733178015666483418e+01 9.884139083661953595e-01 9.760780609352516513e-04 4.258407092123877614e-03 -3.014297383642082929e-04 1.046784047342298907e+00 -5.342652543745163030e+01
2.012000000000000000e+03 5.242139553981290945e+00 1.809900829080522044e+03 -4.734538656139442026e+01 9.862305394331218888e-01 -9.711365548439614863e-05 3.936989844926128308e-03 2.512294239824163118e-03 1.052928217975620084e+00 -5.330590521871270226e+01
2.013000000000000000e+03 4.365374835876409065e+00 1.816341219166470182e+03 -4.735257343003840447e+01 9.767621633684879789e-01 -3.526193089551528034e-03 -2.916021109934398801e-03 8.989252543459132986e-05 1.058430470788215949e+00 -5.327333801077949005e+01
2.014000000000000000e+03 3.636255147986124925e+00 1.823664478737096715e+03 -4.734896913512409355e+01 9.759657175289823128e-01 -2.440687918469038650e-03 -2.440687918469020001e-03 -1.627125278979427766e-03 1.060319728709407272e+00 -5.310962907754690576e+01
