1.361560237726341427e+02
1.730293581888822928e+03
1.059171862333083136e-02
9.885724852856418998e-01
9.859660676393479095e-01
9.896806955534872552e-01
9.892535006259849384e-01
9.751874412148272553e-01
9.675916838144655863e-01
9.773709838385646886e-01
9.922767203454622154e-01
1.000852888815192188e+00
9.981055529911028179e-01
9.926789042158917775e-01
9.949650120568424017e-01
9.973001659648422779e-01
9.905166726618135353e-01
9.773402609853968359e-01
9.663631093150549800e-01
9.643358000846584677e-01
9.709081059292198335e-01
9.812013247001738492e-01
9.884139083661953595e-01
9.862305394331218888e-01
9.767621633684879789e-01
9.759657175289823128e-01
1.477622177043443757e-02
2.990825757315151360e-04
8.998888857913910078e-03
1.250064777314526150e-02
-1.837354773141489876e-03
-5.726259375803490793e-04
3.782227820473211058e-03
6.326059591418083106e-03
7.757029395290509881e-03
3.932866774721810281e-03
2.410900716023930360e-03
6.921439562544690234e-03
1.063109835515643406e-02
6.295414700380122866e-03
2.190763350922898030e-03
-5.631210692720626729e-04
-1.527223527335133972e-03
-1.241884483417939533e-03
-2.122672375503285619e-04
9.760780609352516513e-04
-9.711365548439614863e-05
-3.526193089551528034e-03
-2.440687918469038650e-03
9.206191991204332116e-05
-2.382694064091231759e-02
1.734542085006196901e-02
3.744511079883995619e-02
-1.385804525501087552e-03
-3.663795173214049947e-03
-2.204154158157026373e-03
1.274315664277400866e-04
3.740655078471257552e-03
3.163856176479913737e-04
-2.876461176832206292e-03
3.805811112303925255e-04
4.797950624599137646e-03
4.827369645439145464e-03
2.904480231621668976e-03
5.874451845322950679e-04
-1.037146966934593450e-03
-2.332225123277473569e-03
-1.858797968699394494e-03
4.258407092123877614e-03
3.936989844926128308e-03
-2.916021109934398801e-03
-2.440687918469020001e-03
1.302677304742510915e-02
-6.302460623542148650e-03
-7.991705942228871304e-03
1.696079959425893929e-02
1.373057222144230104e-03
-1.632755270396213073e-03
-6.999748660858806561e-04
-6.864801253043644868e-04
7.163320384283894567e-04
1.156912316730289957e-03
-9.717882599488392691e-04
-9.458525246059529268e-04
1.199573265426169544e-03
1.627553668638932315e-03
1.314050542235848220e-03
5.076409994089038993e-04
-9.542830154444044064e-05
-4.768024077962431913e-04
-8.624114728443143694e-04
-3.014297383642082929e-04
2.512294239824163118e-03
8.989252543459132986e-05
-1.627125278979427766e-03
1.011336432459092549e+00
1.011227564048665206e+00
1.010851849409419856e+00
1.011123233060024829e+00
1.013570477367541134e+00
1.018697722255051286e+00
1.024143876333794889e+00
1.026570414154166277e+00
1.025959521511732309e+00
1.024063139116987653e+00
1.020876668579509206e+00
1.016014529656650733e+00
1.011733335772311726e+00
1.011291890207902666e+00
1.015823786487445091e+00
1.023248077500973130e+00
1.030474511662691217e+00
1.036409526965641703e+00
1.041467336675048649e+00
1.046784047342298907e+00
1.052928217975620084e+00
1.058430470788215949e+00
1.060319728709407272e+00
1.052655249136844919e-02
1.052871990216523897e-02
1.053139537425696638e-02
1.052770345972019184e-02
1.052836691205963869e-02
1.053278070002377532e-02
1.053032978171972167e-02
1.052758708373942656e-02
1.052787850790740977e-02
1.052765317148626929e-02
1.052760311737659105e-02
1.052807121353731279e-02
1.052585820124293456e-02
1.052595616870350553e-02
1.052785495988010564e-02
1.052918635264861458e-02
1.052671260349781999e-02
1.052254799841411542e-02
1.052299345750810737e-02
1.052488398924762182e-02
1.052621103957437389e-02
1.052656933978944956e-02
1.052837044039640554e-02
