1.992000000000000000e+03 1.346067438413830359e+02 1.735291148135268713e+03 -4.735052928938643646e+01 9.892552518448926024e-01 1.062162230144850054e-02 1.116907474550961452e-04 1.370352587626283251e-02 9.811287097920131650e-01 -5.340717715955756262e+01
1.993000000000000000e+03 1.282594192456641338e+02 1.736334478881265795e+03 -4.734055944446646436e+01 9.873949511263632184e-01 -1.956621558763189765e-03 -2.284960597287468559e-02 -6.625068123940554450e-03 1.002684093834895318e+00 -5.315159856545336936e+01
1.994000000000000000e+03 1.173262816235303490e+02 1.742212406727328244e+03 -4.731084287158770962e+01 9.880221434969057581e-01 9.644554958813179521e-03 1.790118008710631439e-02 -7.179235002794097376e-03 1.030007848370026124e+00 -5.278433675103389078e+01
1.995000000000000000e+03 1.052956874566321943e+02 1.748520103907162593e+03 -4.728545804418426712e+01 9.890018729100816808e-01 1.408737461039632523e-02 3.185243211256539447e-02 1.657747290128824824e-02 1.015999391268376906e+00 -5.312975485940307863e+01
1.996000000000000000e+03 9.227940976867361655e+01 1.750674215288052210e+03 -4.726827865854477295e+01 9.769041193165655113e-01 -1.171449689519995759e-03 -1.592039468079330458e-03 7.991131633176169757e-04 9.859147790870886885e-01 -5.312731300762874298e+01
1.997000000000000000e+03 7.848802523554699917e+01 1.754649736834217947e+03 -4.723315419152540784e+01 9.632444601478533652e-01 3.914366056174089755e-04 -1.926537192675538152e-03 -1.322504767632332436e-03 1.013610200951612805e+00 -5.273024124310654770e+01
1.998000000000000000e+03 6.578232547777653849e+01 1.764391305164906044e+03 -4.720894107294515152e+01 9.756535840727363906e-01 3.935961824003676897e-03 -1.586139822131286308e-03 3.297421353055444396e-05 1.047839389118294218e+00 -5.292601935913543798e+01
1.999000000000000000e+03 5.482999846082439177e+01 1.772156479162053984e+03 -4.721011331312053017e+01 9.936755242010594236e-01 5.649448081103607827e-03 -1.669439844373129568e-03 -9.728085226200594527e-04 1.031905309832691575e+00 -5.318601404843192881e+01
2.000000000000000000e+03 4.566182831559963518e+01 1.772994277114622491e+03 -4.720717398967521916e+01 9.988333354460037228e-01 8.106700198208546468e-03 2.224162864618203870e-03 -1.301405612262280316e-04 1.006589612471573858e+00 -5.319814021800350901e+01
2.001000000000000000e+03 3.799992468290955827e+01 1.771045701778803732e+03 -4.719787620346949097e+01 9.975405475192176130e-01 5.331915746717993433e-03 9.000127236503322045e-04 1.049826854873213249e-03 1.007329125185884244e+00 -5.321353701174969331e+01
2.002000000000000000e+03 3.162127222184588504e+01 1.772622635461926166e+03 -4.719775039717255538e+01 9.886204846731250218e-01 4.090598129894502250e-03 -1.201827168428685208e-03 -4.620861462332174910e-04 1.030535797992473857e+00 -5.316168125597975092e+01
2.003000000000000000e+03 2.634393695335688790e+01 1.776806980020733363e+03 -4.719799772772936564e+01 9.928320251007799468e-01 7.602684702085160152e-03 1.220154619473301201e-03 -3.391319660521857323e-04 1.032154213402890930e+00 -5.308801572815746539e+01
2.004000000000000000e+03 2.196898336892373749e+01 1.776981120965460832e+03 -4.719650548524489864e+01 1.001438781534525146e+00 1.025890388491569431e-02 3.885673526497222200e-03 1.152568379034636659e-03 1.006554957909612247e+00 -5.332933827029151530e+01
2.005000000000000000e+03 1.835530467513871500e+01 1.773880861390650807e+03 -4.719796107409302266e+01 9.922276173663332477e-01 6.178169216438240442e-03 3.985759973371937916e-03 1.170663882778408054e-03 9.980305698849437634e-01 -5.332492440753022578e+01
2.006000000000000000e+03 1.536430466702033826e+01 1.774826007324129023e+03 -4.719906769254222922e+01 9.717288152101867249e-01 2.695907122229510358e-03 3.092545296198499685e-03 1.227986053185285524e-03 1.017448432490897670e+00 -5.315389447679952184e+01
2.007000000000000000e+03 1.287749399907494841e+01 1.780762420990818782e+03 -4.719777042671869083e+01 9.658037671313369765e-01 -1.237749919403043617e-04 1.038267681361566830e-03 6.801325036672505519e-04 1.027189112224344392e+00 -5.305486914245916097e+01
2.008000000000000000e+03 1.079286890922354836e+01 1.787135423306406665e+03 -4.720540877061274188e+01 9.693696541575630432e-01 -1.452971468808211385e-03 -6.969261804493754415e-04 9.908765794482653888e-06 1.026863056698865684e+00 -5.328369236842944900e+01
2.009000000000000000e+03 9.037048916020793854e+00 1.792985911907939908e+03 -4.724517940342521172e+01 9.720166006647484869e-01 -1.391647746910012334e-03 -1.964448032904627522e-03 -3.796209755418751466e-04 1.034245337851059432e+00 -5.364685927970158730e+01
2.010000000000000000e+03 7.552155028548529714e+00 1.798487247675683193e+03 -4.729834635873431381e+01 9.815182590972424403e-01 -5.507816847783110654e-04 -1.657554336912300027e-03 -7.440088371153989136e-04 1.040637695139406516e+00 -5.360359595571206626e+01
2.011000000000000000e+03 6.296423136423737077e+00 1.803426115517430617e+03 -4.733444065633462827e+01 9.862909046425585302e-01 5.036271644846318420e-04 3.998406179575203154e-03 -2.888219099940966014e-04 1.047136521575148915e+00 -5.345966208243568474e+01
2.012000000000000000e+03 5.241541113802636431e+00 1.807925659416124063e+03 -4.735011452225568007e+01 9.882505203947442585e-01 -4.604461204870218785e-04 3.554444880837396431e-03 2.363540823768498639e-03 1.047769915197962920e+00 -5.333108122393803541e+01
2.013000000000000000e+03 4.364443749822645380e+00 1.813733028897031090e+03 -4.735542137314197220e+01 9.761081333677475991e-01 -3.607739041177428652e-03 -3.005231381623263073e-03 4.871277431667421550e-06 1.056049896285878198e+00 -5.325657080971279811e+01
2.014000000000000000e+03 3.636686437487619550e+00 1.822362086259697207e+03 -4.735276026901402702e+01 9.727221641869041591e-01 -2.410030638216773772e-03 -2.410030638216308432e-03 -1.606687092144363626e-03 1.069198989425333313e+00 -5.308615437924468949e+01
