1.360807487800534545e+02
1.735995247503739620e+03
1.059170903513480255e-02
9.892552518448926024e-01
9.873949511263632184e-01
9.880221434969057581e-01
9.890018729100816808e-01
9.769041193165655113e-01
9.632444601478533652e-01
9.756535840727363906e-01
9.936755242010594236e-01
9.988333354460037228e-01
9.975405475192176130e-01
9.886204846731250218e-01
9.928320251007799468e-01
1.001438781534525146e+00
9.922276173663332477e-01
9.717288152101867249e-01
9.658037671313369765e-01
9.693696541575630432e-01
9.720166006647484869e-01
9.815182590972424403e-01
9.862909046425585302e-01
9.882505203947442585e-01
9.761081333677475991e-01
9.727221641869041591e-01
1.062162230144850054e-02
-1.956621558763189765e-03
9.644554958813179521e-03
1.408737461039632523e-02
-1.171449689519995759e-03
3.914366056174089755e-04
3.935961824003676897e-03
5.649448081103607827e-03
8.106700198208546468e-03
5.331915746717993433e-03
4.090598129894502250e-03
7.602684702085160152e-03
1.025890388491569431e-02
6.178169216438240442e-03
2.695907122229510358e-03
-1.237749919403043617e-04
-1.452971468808211385e-03
-1.391647746910012334e-03
-5.507816847783110654e-04
5.036271644846318420e-04
-4.604461204870218785e-04
-3.607739041177428652e-03
-2.410030638216773772e-03
1.116907474550961452e-04
-2.284960597287468559e-02
1.790118008710631439e-02
3.185243211256539447e-02
-1.592039468079330458e-03
-1.926537192675538152e-03
-1.586139822131286308e-03
-1.669439844373129568e-03
2.224162864618203870e-03
9.000127236503322045e-04
-1.201827168428685208e-03
1.220154619473301201e-03
3.885673526497222200e-03
3.985759973371937916e-03
3.092545296198499685e-03
1.038267681361566830e-03
-6.969261804493754415e-04
-1.964448032904627522e-03
-1.657554336912300027e-03
3.998406179575203154e-03
3.554444880837396431e-03
-3.005231381623263073e-03
-2.410030638216308432e-03
1.370352587626283251e-02
-6.625068123940554450e-03
-7.179235002794097376e-03
1.657747290128824824e-02
7.991131633176169757e-04
-1.322504767632332436e-03
3.297421353055444396e-05
-9.728085226200594527e-04
-1.301405612262280316e-04
1.049826854873213249e-03
-4.620861462332174910e-04
-3.391319660521857323e-04
1.152568379034636659e-03
1.170663882778408054e-03
1.227986053185285524e-03
6.801325036672505519e-04
9.908765794482653888e-06
-3.796209755418751466e-04
-7.440088371153989136e-04
-2.888219099940966014e-04
2.363540823768498639e-03
4.871277431667421550e-06
-1.606687092144363626e-03
9.811287097920131650e-01
1.002684093834895318e+00
1.030007848370026124e+00
1.015999391268376906e+00
9.859147790870886885e-01
1.013610200951612805e+00
1.047839389118294218e+00
1.031905309832691575e+00
1.006589612471573858e+00
1.007329125185884244e+00
1.030535797992473857e+00
1.032154213402890930e+00
1.006554957909612247e+00
9.980305698849437634e-01
1.017448432490897670e+00
1.027189112224344392e+00
1.026863056698865684e+00
1.034245337851059432e+00
1.040637695139406516e+00
1.047136521575148915e+00
1.047769915197962920e+00
1.056049896285878198e+00
1.069198989425333313e+00
1.052509685710412320e-02
1.052790869914424325e-02
1.053194923728685561e-02
1.052814901998072941e-02
1.052817588482230643e-02
1.053254438203242091e-02
1.053039047859256200e-02
1.052753006546312126e-02
1.052739665520118634e-02
1.052722726198075318e-02
1.052779777101346334e-02
1.052860822666573833e-02
1.052595323200715589e-02
1.052600179279563480e-02
1.052788343990105312e-02
1.052897289935081533e-02
1.052645542251215947e-02
1.052245989145629730e-02
1.052293587251094779e-02
1.052451942291544526e-02
1.052593405623896035e-02
1.052675381026862630e-02
1.052862870489381861e-02
