1.319568041681985449e+02
1.729513732242211518e+03
1.059172264018304159e-02
9.862278045730994425e-01
9.855315832001935172e-01
9.966488535012543171e-01
1.008195189332486308e+00
9.986059949696959315e-01
9.704621951773207966e-01
9.550400025660559233e-01
9.625430475870506708e-01
9.788318457295057673e-01
9.909681626356463546e-01
9.929009079824875350e-01
9.946866257614698226e-01
9.986109918042319622e-01
9.965573014162915078e-01
9.883061655839050497e-01
9.787489956653599998e-01
9.726313415054098632e-01
9.687867634577809195e-01
9.672604595941992622e-01
9.699502674948394798e-01
9.639534966348316525e-01
9.409894312578236386e-01
9.416784658120940232e-01
1.931195972910100533e-02
6.133483463865955533e-03
1.438957033039090817e-02
2.578952133028374408e-02
3.322968195665864516e-03
-9.540449174498146076e-04
-1.232208003460627662e-03
1.125584210179612433e-03
5.074752811021062023e-03
5.926669180081455685e-03
5.933002981404833856e-03
1.284727780891847110e-02
2.074394111872036178e-02
1.574565466822607646e-02
1.129436053568863563e-02
7.411673413310703069e-03
4.483284558797226080e-03
1.347235946565945430e-03
-7.201281102286471742e-04
7.026230288003175841e-04
-9.723922410020111907e-04
-9.067236403859054925e-03
-6.290888645123963487e-03
-4.993468815479338609e-03
-2.484114820316883285e-02
-1.182267139714850146e-02
3.072019032996311724e-02
7.320223194712239222e-03
1.099414388505337440e-03
-1.336683877835078901e-03
-3.030026039661958947e-03
-1.576425488987317439e-03
4.825469749621587876e-04
-8.840837791857338642e-04
-1.640716969084730502e-04
2.426477696398328995e-03
3.049906149330342594e-03
2.643189985510376646e-03
2.683099710486417083e-03
3.974685740979805662e-03
5.355548742992956562e-04
-3.566629505792974757e-03
9.315533517980312261e-03
9.420148026580154460e-03
-7.494514242578211721e-03
-6.290888645124316503e-03
7.615022773069122543e-03
-5.319862857634262941e-03
-9.375122888024164242e-03
1.295211423578872820e-03
3.291675417952181527e-03
1.129155775094338714e-03
-3.424890732311259905e-04
-4.894671528559138476e-04
-1.421225192138898244e-03
2.410073093266706739e-04
8.289132872644919487e-05
-6.722805148501717534e-04
5.628993835779190534e-04
8.587364786719525788e-04
9.702674549311083273e-04
6.459904016934306208e-04
9.399980591963445981e-04
1.367833947832094435e-03
-8.086378919726885982e-04
-1.255292089511492919e-03
5.972518214532148567e-03
2.460643758841584827e-04
-4.193925763415713714e-03
1.019918661118079273e+00
1.018956731047478526e+00
1.017123733089335458e+00
1.015985609241218279e+00
1.015992225454827480e+00
1.016879128712261826e+00
1.016558912506187795e+00
1.012770190466907083e+00
1.008796559946941729e+00
1.009041406293635923e+00
1.012568932449392278e+00
1.015345809356950513e+00
1.016876179853887896e+00
1.019818876898964000e+00
1.024967657360773332e+00
1.029713320322395820e+00
1.031290482393246943e+00
1.030978935706237776e+00
1.030955685622711782e+00
1.031370703790665644e+00
1.031824431623837635e+00
1.032617024271641926e+00
1.032694057113766162e+00
1.052693813856315011e-02
1.052879674348562548e-02
1.053158343294506062e-02
1.052780522928339207e-02
1.052834025809423757e-02
1.053272203284495896e-02
1.053015935968400728e-02
1.052740496844865349e-02
1.052753935720732170e-02
1.052703463610496840e-02
1.052713575399639306e-02
1.052813872561291116e-02
1.052618963398144203e-02
1.052637356546193281e-02
1.052795668004840972e-02
1.052910588043815508e-02
1.052666782067876450e-02
1.052250515328294854e-02
1.052289857969590514e-02
1.052441817799004350e-02
1.052560149800651178e-02
1.052614582850604913e-02
1.052823918678296583e-02
