<<<<<<< HEAD
1.992000000000000000e+03 1.310726252848909041e+02 1.733970051707926359e+03 -4.735184260756841468e+01 9.905944542996177882e-01 3.320664238792021133e-02 -2.541822422053382699e-03 9.563101632370424321e-03 1.008279063126852781e+00 -5.327776890501190366e+01
1.993000000000000000e+03 1.251808505553531319e+02 1.739991191567153464e+03 -4.734667643501422418e+01 9.821683453791245633e-01 1.174251386595581530e-02 -2.415920215584160119e-02 -5.472326643512034905e-03 1.021080494638366920e+00 -5.309478618698670971e+01
1.994000000000000000e+03 1.147837694713454937e+02 1.745433204189411526e+03 -4.731456296549396967e+01 9.918427893032262244e-01 2.041733921710866054e-02 -9.448295909855597766e-03 -8.868794740728604478e-03 1.011191624299981884e+00 -5.283384151344172608e+01
1.995000000000000000e+03 1.030486062799693201e+02 1.748030460107749605e+03 -4.728432607849453007e+01 1.009794129823771147e+00 3.226809122687529507e-02 3.510135850063246521e-02 2.228962841593944838e-03 1.021650807935986505e+00 -5.315549138530983697e+01
1.996000000000000000e+03 8.998411930393108094e+01 1.750147838007669179e+03 -4.727196358346618865e+01 1.001743348469258610e+00 4.732727536255827878e-03 8.700461877631735993e-03 3.632602076518868465e-03 1.017549019038645808e+00 -5.310356658004244679e+01
1.997000000000000000e+03 7.634198681849431978e+01 1.752948929621659772e+03 -4.723405554231108283e+01 9.733511249847911495e-01 2.814897339015547096e-04 1.787755531652506120e-03 1.540899333400259962e-03 9.999481560346629161e-01 -5.271441572617418814e+01
1.998000000000000000e+03 6.415467540967722471e+01 1.762878000597212576e+03 -4.720834854544142445e+01 9.606337576411144719e-01 2.279372496252059189e-04 -1.946986818765421507e-03 -3.017318292749720035e-04 1.056299961886909555e+00 -5.290921844944818275e+01
1.999000000000000000e+03 5.376701428222686729e+01 1.772095330827841963e+03 -4.720799631354666559e+01 9.723549625986931400e-01 3.729996589368689448e-03 -4.084629046768026295e-03 -8.888196458272870507e-04 1.005857010973931986e+00 -5.316786177345677800e+01
2.000000000000000000e+03 4.503305606395013427e+01 1.774205495242494635e+03 -4.720393022397995253e+01 9.824944791495409113e-01 9.844517037372001872e-03 -2.119752704909997048e-03 -1.703247357826059545e-03 1.012410217736906759e+00 -5.318792540877992536e+01
2.001000000000000000e+03 3.761737072787607161e+01 1.773393077140665355e+03 -4.719766768165867177e+01 1.000791431040331414e+00 1.098976569172309924e-02 5.833958471118029119e-04 1.888087435943376332e-04 1.003703016424059680e+00 -5.323364382829709740e+01
2.002000000000000000e+03 3.135564449145688926e+01 1.772971335976392083e+03 -4.719623193772770264e+01 9.985413358494692471e-01 1.330341805454340193e-02 -2.363323349563043786e-04 2.055796889961744361e-04 1.028088190131111856e+00 -5.320472384400443389e+01
2.003000000000000000e+03 2.615366583763350761e+01 1.775926611167673855e+03 -4.719850158551708574e+01 9.957685158730433805e-01 2.175815883382242744e-02 8.423853099043225471e-04 -3.631345789669877247e-04 1.033430916434520119e+00 -5.312054263833665146e+01
2.004000000000000000e+03 2.183361167052158791e+01 1.774947601574739110e+03 -4.719465873583617110e+01 1.001262524308218937e+00 2.971153355628127282e-02 3.820087315218667363e-03 9.247247855699186093e-04 9.952218999809232525e-01 -5.331894154489125270e+01
2.005000000000000000e+03 1.825702531582248156e+01 1.773803488330643404e+03 -4.720084193541118367e+01 9.932824840378481346e-01 2.224317490791094185e-02 4.758091724511651077e-03 1.320566445967452001e-03 1.026667994912640491e+00 -5.329709050577469043e+01
2.006000000000000000e+03 1.526390805954125440e+01 1.774741491061134184e+03 -4.720043350905467605e+01 9.893906349708450065e-01 1.562569212395024595e-02 4.386269088846232386e-03 1.529495624801324900e-03 1.005977920007460780e+00 -5.312732516702978103e+01
2.007000000000000000e+03 1.276237441365791803e+01 1.780696989142993516e+03 -4.719805169541258039e+01 9.773672344969092096e-01 9.773325152421874842e-03 4.237184329995106503e-03 1.137768336858986391e-03 1.062781037262557904e+00 -5.300947149729484664e+01
2.008000000000000000e+03 1.067885565212574051e+01 1.788908148388844666e+03 -4.721052104755940348e+01 9.797356315992278297e-01 5.315649539082967917e-03 5.791441560860042040e-03 1.387711000645729803e-03 1.029435929280382744e+00 -5.328031528781007609e+01
2.009000000000000000e+03 8.939235855056514524e+00 1.792440133973567526e+03 -4.724543627113742161e+01 9.698337476217010478e-01 8.751456536351411540e-04 2.964191789062323862e-03 1.978600031941938307e-03 1.017554517648277645e+00 -5.369590541751823309e+01
2.010000000000000000e+03 7.488823821528923119e+00 1.796450102233996859e+03 -4.729506848102960248e+01 9.637493402559367262e-01 -2.568047260214794108e-03 -1.409592734279167077e-03 -1.977738053714748852e-06 1.023985490731326609e+00 -5.362411471980421851e+01
2.011000000000000000e+03 6.267196724116411488e+00 1.803211708518701471e+03 -4.733412167417427696e+01 9.706894851676595160e-01 -2.392513874887980396e-03 9.645900011278020839e-03 -7.502006011726882568e-04 1.050353885172704338e+00 -5.344973476980785421e+01
2.012000000000000000e+03 5.232442713891159336e+00 1.809285368501815810e+03 -4.735162219489951951e+01 9.791739358873964294e-01 -4.338498248165257969e-03 7.531161805551270412e-03 5.744640486954319392e-03 1.038979601460345625e+00 -5.333392585778129558e+01
2.013000000000000000e+03 4.377460988158389021e+00 1.814505946666871296e+03 -4.735221153269453254e+01 9.398789763482323645e-01 -1.135588938177051199e-02 -9.608014341459062205e-03 -5.790927599342830540e-04 1.020682243221951779e+00 -5.328976469498125823e+01
2.014000000000000000e+03 3.668539333633652255e+00 1.823182258782966528e+03 -4.734775585218220328e+01 9.529169185761899863e-01 -6.991500161246349057e-03 -6.991500161245514655e-03 -4.661000107497053138e-03 1.056330698919174971e+00 -5.311093874604200238e+01
=======
1.992000000000000000e+03 1.309312467503267214e+02 1.733987792317287585e+03 -4.735064000620858593e+01 9.883597994179316171e-01 2.069977224272048430e-02 -5.274620508732654790e-03 8.050916770234405745e-03 1.006304890699526222e+00 -5.326431316526614523e+01
1.993000000000000000e+03 1.252304261350939498e+02 1.739959979591804768e+03 -4.734436112637030192e+01 9.835780997101368772e-01 6.742251761178515504e-03 -2.407701588972086665e-02 -5.622861881571001794e-03 1.021895592323470936e+00 -5.309054517628908343e+01
1.994000000000000000e+03 1.147931727105848410e+02 1.745440340762722144e+03 -4.731231058393958477e+01 9.952141449661608963e-01 1.553169545701270186e-02 -9.743604451272064315e-03 -8.697548950351890323e-03 1.014748101506105948e+00 -5.282534777093184175e+01
1.995000000000000000e+03 1.030356157548351490e+02 1.748111702714457124e+03 -4.728337731759823725e+01 1.009110527295171922e+00 2.635420959459906787e-02 3.110154356005648962e-02 1.909685108378203489e-03 1.021141383323278529e+00 -5.317403969948364306e+01
1.996000000000000000e+03 8.999373982562609342e+01 1.749936574623193565e+03 -4.727253812275200318e+01 9.998225761086554364e-01 3.450494233506940910e-03 7.137862484717924678e-03 3.229867106965234394e-03 1.013053515030567731e+00 -5.313028011910925130e+01
1.997000000000000000e+03 7.633397935451290550e+01 1.752972530027220046e+03 -4.723667983145629989e+01 9.706259020451895037e-01 -6.135449551740956809e-04 1.164656236438974110e-03 1.086671868529548403e-03 1.002454678069105265e+00 -5.272051079385931160e+01
1.998000000000000000e+03 6.414572866416985164e+01 1.763002560718251743e+03 -4.721116385650569924e+01 9.543832264488317785e-01 -7.094673718708193778e-04 -1.238110588954349431e-03 -2.681686992555871877e-04 1.047368192462200698e+00 -5.292207072501297915e+01
1.999000000000000000e+03 5.377936182746147153e+01 1.772015814564107814e+03 -4.720990384021261832e+01 9.654275857506952052e-01 1.799282825947014046e-03 -3.326513536072718026e-03 -4.971440271009525949e-04 1.001450830835672434e+00 -5.317757973723003317e+01
2.000000000000000000e+03 4.504611604710317607e+01 1.774205428161771806e+03 -4.720566881196663900e+01 9.785538588264540705e-01 6.312576044550178081e-03 -1.889756029929996230e-03 -1.597636544784542282e-03 1.008234323127946253e+00 -5.319528868872014016e+01
2.001000000000000000e+03 3.762740600451382988e+01 1.773406411743018680e+03 -4.719902414162080362e+01 9.928963145799749590e-01 7.414092702269673568e-03 6.092232337458439607e-04 2.198692962412159707e-04 9.977920102792734447e-01 -5.324496104013975639e+01
2.002000000000000000e+03 3.135936914598079994e+01 1.772998870614235329e+03 -4.719723241519913159e+01 9.937574959299092514e-01 8.008573265596256527e-03 -5.467227060904727943e-04 1.913598769720447560e-04 1.023290930501102425e+00 -5.321356548604250492e+01
2.003000000000000000e+03 2.614749243114967214e+01 1.775846566910326374e+03 -4.719866564257890929e+01 9.936521688977951738e-01 1.539430905834244384e-02 1.704862704615884217e-04 -5.558416810323676049e-04 1.031229066769232317e+00 -5.311802772756601598e+01
2.004000000000000000e+03 2.182788333577377671e+01 1.775031549435899933e+03 -4.719439482756171600e+01 9.987737309973364619e-01 2.346872768936558371e-02 2.709106286350711126e-03 6.694991946734846298e-04 9.949701344647517987e-01 -5.331338247440753264e+01
2.005000000000000000e+03 1.824964816947466772e+01 1.773689950941631196e+03 -4.719876644181786673e+01 9.941392260998928032e-01 1.775556075118540217e-02 3.271714030162190673e-03 9.253503804088346633e-04 1.023741871020083405e+00 -5.328534332011702901e+01
2.006000000000000000e+03 1.525421767100668191e+01 1.774795954691752058e+03 -4.719777587342466063e+01 9.895648470781673867e-01 1.279042054330277803e-02 2.918509075390345129e-03 1.037393644389402467e-03 1.011162750019599654e+00 -5.311302778909243472e+01
2.007000000000000000e+03 1.275113266934904566e+01 1.780676970019973623e+03 -4.719452541941549129e+01 9.792418450987533385e-01 8.452249407202886214e-03 3.153684504662860027e-03 7.409645065436165027e-04 1.058908620939126521e+00 -5.300405840759114540e+01
2.008000000000000000e+03 1.067115384725296146e+01 1.788891907424495457e+03 -4.720784374711650599e+01 9.743559181193021113e-01 5.075114690762014789e-03 4.766535510457561332e-03 1.119936827819373575e-03 1.030039641039663723e+00 -5.329782148469208636e+01
2.009000000000000000e+03 8.936533911524287888e+00 1.792462702115702086e+03 -4.724432872727035715e+01 9.684664579372084248e-01 1.391221003365667114e-03 1.347677167849862297e-03 1.646202809988677514e-03 1.011686221770826011e+00 -5.371530631612508699e+01
2.010000000000000000e+03 7.484973136478063616e+00 1.796448796749361918e+03 -4.729567080806085499e+01 9.652599930749751200e-01 -1.228234593682804229e-03 -3.137547089303425411e-03 -5.982010918043961442e-04 1.029567587455957334e+00 -5.363351283824790983e+01
2.011000000000000000e+03 6.261183230669248978e+00 1.803278376384410194e+03 -4.733619857615667570e+01 9.715466171119783167e-01 -1.035302592323420335e-04 9.657286244991781371e-03 -1.194797574185110095e-03 1.047691501425249472e+00 -5.345880320404317132e+01
2.012000000000000000e+03 5.229964453590744355e+00 1.809191697485218128e+03 -4.735390074720891107e+01 9.691989800274219968e-01 -1.860041013401388501e-03 9.255783528949682731e-03 6.106390723343770900e-03 1.031984533804515269e+00 -5.335833390930066855e+01
2.013000000000000000e+03 4.377995910493965859e+00 1.814644829648308814e+03 -4.735675822087270603e+01 9.400420731204561786e-01 -9.944599672877838664e-03 -8.274340068207283391e-03 5.130530343177724012e-05 1.021330892525321943e+00 -5.331576753922995238e+01
2.014000000000000000e+03 3.671756950426298793e+00 1.823145842836417842e+03 -4.735210470725381526e+01 9.415900020097840439e-01 -6.681038418683555094e-03 -6.681038418683889028e-03 -4.454025612456228439e-03 1.044260161674009479e+00 -5.312004718518581114e+01
>>>>>>> origin/master
