1.323085405727056241e+02
1.754836534887466314e+03
1.059173273298404452e-02
9.901070233320538039e-01
9.823826804310721306e-01
9.928351769365965085e-01
1.008324486841113865e+00
1.002184342484593538e+00
9.723839907270959149e-01
9.625262298544101647e-01
9.713055414576396984e-01
9.827486638060478619e-01
9.978985244842218938e-01
9.974105947728038046e-01
9.967513998515459273e-01
9.997538653384423490e-01
9.947415247042955544e-01
9.874711901168278239e-01
9.800300865399518280e-01
9.759196451262202032e-01
9.715673063441850887e-01
9.652855085573749383e-01
9.711488750640988599e-01
9.776094416987545221e-01
9.376984299762425312e-01
9.539362286338892716e-01
3.251982319681350625e-02
1.098434869269048972e-02
1.989322943144816377e-02
3.085332000013306375e-02
4.244374526315667674e-03
4.976176098094767621e-05
1.487208736429342809e-04
3.501479606084313429e-03
8.988877969136646953e-03
1.004064081981374638e-02
1.270601034514502910e-02
2.146879995163645388e-02
2.941225101515548140e-02
2.213921533130183000e-02
1.556015623738225655e-02
9.720286350765720146e-03
5.306876898630572166e-03
1.190238656097797332e-03
-1.806454112082043605e-03
-1.929891081184157255e-03
-4.595013966643265654e-03
-1.149452172238893920e-02
-6.908526252399811024e-03
-3.554227577139011142e-03
-2.479421929799421540e-02
-8.302069247418079542e-03
3.505524764481134786e-02
8.276468474016508703e-03
1.618865447683426068e-03
-1.743273540974138143e-03
-3.654658878027870327e-03
-2.161869910035931451e-03
2.719328393892393877e-04
-3.876759688659806393e-04
6.963702260224777273e-04
3.694796909980460099e-03
4.776541195182120066e-03
4.441554091799274247e-03
4.088908746061028533e-03
4.988595033985718068e-03
2.385891644322078991e-03
-5.177111443867940966e-04
1.039579839697548150e-02
7.202129539970449253e-03
-9.767390159289774873e-03
-6.908526252399645358e-03
9.712566870843269626e-03
-5.873067216440234703e-03
-8.887647056450110467e-03
2.908080558073317546e-03
3.510807269649235136e-03
1.426547763879770217e-03
-3.002120463835948865e-04
-7.690127313547253859e-04
-1.548324626330669631e-03
6.969575242846631031e-05
1.146362473597321353e-04
-3.730868932704006400e-04
8.373337106187096019e-04
1.323712469928129288e-03
1.537057313493059513e-03
1.161666873128946531e-03
1.286740110266173338e-03
1.631191929912816172e-03
-3.247800029185168321e-05
-2.501302101061087728e-04
5.744529979805221287e-03
-7.544882291931500175e-04
-4.605684168266558319e-03
1.000000057504517148e+00
1.000000078804292647e+00
1.000000104826469727e+00
1.000000131867522457e+00
1.000000157313910787e+00
1.000000179630561759e+00
1.000000198169519683e+00
1.000000212838231928e+00
1.000000224011167838e+00
1.000000232123624544e+00
1.000000237430596739e+00
1.000000240254258710e+00
1.000000240831612208e+00
1.000000239000542690e+00
1.000000234165687063e+00
1.000000225838657331e+00
1.000000213851629072e+00
1.000000198175033050e+00
1.000000178663896788e+00
1.000000154856256485e+00
1.000000127084636814e+00
1.000000098135023219e+00
1.000000072827335051e+00
1.052957655903296631e-02
1.052957655903210936e-02
1.052957655903158894e-02
1.052957655903146057e-02
1.052957655903212497e-02
1.052957655903168609e-02
1.052957655903024280e-02
1.052957655902887583e-02
1.052957655902787837e-02
1.052957655902692427e-02
1.052957655902625640e-02
1.052957655902577588e-02
1.052957655902522077e-02
1.052957655902591119e-02
1.052957655902630324e-02
1.052957655902674559e-02
1.052957655902792521e-02
1.052957655902973973e-02
1.052957655903195670e-02
1.052957655903554758e-02
1.052957655903993817e-02
1.052957655904328618e-02
1.052957655904715809e-02
