1.992000000000000000e+03 1.347590531826228926e+02 1.752928660327271245e+03 -4.732734089429224866e+01 9.934864706173095472e-01 2.118893988532186481e-02 7.262461748472013971e-03 1.549795284941460523e-02 1.000000128183681669e+00 -5.300000015060945913e+01
1.993000000000000000e+03 1.282246264666434854e+02 1.753780749519430174e+03 -4.728784834599508713e+01 9.805605153829985987e-01 1.089848967506741638e-03 -1.801695339765356854e-02 -5.180017036902797092e-03 1.000000165963503829e+00 -5.300000015838624279e+01
1.994000000000000000e+03 1.173679236717555341e+02 1.754764655453108162e+03 -4.725282174435263727e+01 9.902742968244444555e-01 9.529134099537312289e-03 1.876325617224831530e-02 -5.697419567892970937e-03 1.000000208791959944e+00 -5.300000016315531326e+01
1.995000000000000000e+03 1.052980549234747372e+02 1.753926832389605806e+03 -4.721804209899072191e+01 1.000844201701086789e+00 1.400857493731078041e-02 3.442224172919466918e-02 1.579072493324719731e-02 1.000000252474477991e+00 -5.300000016513450873e+01
1.996000000000000000e+03 9.225821078578086087e+01 1.754687101117404382e+03 -4.719059202915465789e+01 9.732894106700623604e-01 -2.722082680020752508e-04 -6.524447604526667282e-04 1.228045904336232076e-03 1.000000294229268061e+00 -5.300000016038863748e+01
1.997000000000000000e+03 7.850706376771059070e+01 1.758218958397907045e+03 -4.717140368719186228e+01 9.665203229675565222e-01 1.403095161600798318e-03 -2.805895505368528799e-03 -1.182138983136264785e-03 1.000000332356405064e+00 -5.300000016555805615e+01
1.998000000000000000e+03 6.576728908364677295e+01 1.760434315780195902e+03 -4.715119742264450764e+01 9.836762826240879054e-01 5.798067907061325854e-03 -2.709200339677325479e-03 -5.951077803827369396e-04 1.000000365488493914e+00 -5.300000018047224160e+01
1.999000000000000000e+03 5.481084266154368834e+01 1.760260420041720863e+03 -4.712836246381723981e+01 9.920378389299490118e-01 9.189040029348602423e-03 -1.368116240874451411e-03 -1.080424960054897745e-03 1.000000392612078404e+00 -5.300000019469397472e+01
2.000000000000000000e+03 4.565928083110940605e+01 1.758468095465344732e+03 -4.710494922708718946e+01 1.003000335981888425e+00 1.244416083650050527e-02 2.603158771024040134e-03 1.563226471286388683e-04 1.000000413525807819e+00 -5.300000020390738342e+01
2.001000000000000000e+03 3.799637611141913851e+01 1.756145182545547186e+03 -4.708343823814398377e+01 1.001024544782366688e+00 8.603355870927760496e-03 7.646443042161971343e-04 1.027827329532186515e-03 1.000000428361635940e+00 -5.300000021198891886e+01
2.002000000000000000e+03 3.162991590288473276e+01 1.755200775501333965e+03 -4.706738600675286222e+01 9.899864197100476382e-01 8.350058328857795642e-03 -1.237463892648134724e-03 -5.321934907834832218e-04 1.000000437353177674e+00 -5.300000021720607890e+01
2.003000000000000000e+03 2.635361667425958743e+01 1.754754454873594796e+03 -4.705413943652136766e+01 9.960024060998451390e-01 1.285317659896540420e-02 2.124503021225936615e-03 -2.927824376485511915e-04 1.000000441222861358e+00 -5.300000022086359763e+01
2.004000000000000000e+03 2.197574488705955886e+01 1.753640255485325497e+03 -4.704116198778196178e+01 9.985898947924473079e-01 1.563475664301754858e-02 6.330796290704184329e-03 1.709117785132542979e-03 1.000000440884599495e+00 -5.300000022578055336e+01
2.005000000000000000e+03 1.836999922987703471e+01 1.753301095369404720e+03 -4.703137632027409865e+01 9.885813209734982676e-01 9.330128102455712349e-03 6.184467364963255713e-03 2.044690291424820089e-03 1.000000436832841233e+00 -5.300000021909590231e+01
2.006000000000000000e+03 1.537419577406996751e+01 1.754746731272485931e+03 -4.702621180160659975e+01 9.778759770529100726e-01 3.738491769677850570e-03 4.110557024026639111e-03 1.716846568947646328e-03 1.000000428882874326e+00 -5.300000021545925222e+01
2.007000000000000000e+03 1.287527901195159252e+01 1.757524976642385582e+03 -4.702398458835754980e+01 9.707869249376676057e-01 -2.193281749627576588e-04 1.547981956806324848e-03 8.349807419080854543e-04 1.000000416638933132e+00 -5.300000021189688226e+01
2.008000000000000000e+03 1.078765315941832803e+01 1.760635630341382011e+03 -4.702221043810772727e+01 9.701397874288087975e-01 -2.046647315079161075e-03 -2.189280397365263135e-04 1.620543337758501294e-04 1.000000399726836298e+00 -5.300000020211248852e+01
2.009000000000000000e+03 9.032520650454687328e+00 1.763131614802075774e+03 -4.701896888475254599e+01 9.738664407319317373e-01 -2.338466434263147126e-03 -1.556915640725993174e-03 -2.464050882134785105e-04 1.000000377488431846e+00 -5.300000018661954471e+01
2.010000000000000000e+03 7.549879035440092423e+00 1.764534118277654670e+03 -4.701360373438123474e+01 9.797145509054476786e-01 -1.722955499152397122e-03 -1.298906410696347435e-03 -6.332309378164137532e-04 1.000000348913045345e+00 -5.300000016695216232e+01
2.011000000000000000e+03 6.296177193449993936e+00 1.764626661582831730e+03 -4.700609487860884883e+01 9.874244060926673505e-01 -7.956747973708337609e-04 4.265350750610500188e-03 -1.861653354515912183e-04 1.000000312685383141e+00 -5.300000013344852334e+01
2.012000000000000000e+03 5.240645798617395101e+00 1.763771663560313300e+03 -4.699760331091373899e+01 9.908655255085732083e-01 -1.811464135616125144e-03 3.053319442500485124e-03 2.423786002020221920e-03 1.000000268586865415e+00 -5.300000009168992676e+01
2.013000000000000000e+03 4.364243100764182870e+00 1.764178800194958740e+03 -4.699273581349516604e+01 9.741185721996693525e-01 -4.739368147833590734e-03 -4.027121397931942431e-03 -3.105917656159258361e-04 1.000000219730394324e+00 -5.300000005919503110e+01
2.014000000000000000e+03 3.635116074163013522e+00 1.765326514565446814e+03 -4.698964962847207261e+01 9.810633584901222726e-01 -2.848986999606355555e-03 -2.848986999606357290e-03 -1.899324666404240579e-03 1.000000172306390711e+00 -5.300000002086480322e+01
