1.992000000000000000e+03 1.310619656985334984e+02 1.754884012994680688e+03 -4.732761041187671935e+01 9.901070233320538039e-01 3.251982319681350625e-02 -3.554227577139011142e-03 9.712566870843269626e-03 1.000000057504517148e+00 -5.300000000147975499e+01
1.993000000000000000e+03 1.251956773014997282e+02 1.755637471147909537e+03 -4.728762299410704628e+01 9.823826804310721306e-01 1.098434869269048972e-02 -2.479421929799421540e-02 -5.873067216440234703e-03 1.000000078804292647e+00 -5.300000000155768731e+01
1.994000000000000000e+03 1.147807663789661063e+02 1.756041561809538507e+03 -4.725125036127420231e+01 9.928351769365965085e-01 1.989322943144816377e-02 -8.302069247418079542e-03 -8.887647056450110467e-03 1.000000104826469727e+00 -5.300000000160487446e+01
1.995000000000000000e+03 1.030390331452799018e+02 1.754203589281194809e+03 -4.721450801799120711e+01 1.008324486841113865e+00 3.085332000013306375e-02 3.505524764481134786e-02 2.908080558073317546e-03 1.000000131867522457e+00 -5.300000000161664104e+01
1.996000000000000000e+03 8.998889836558034006e+01 1.751828459480057745e+03 -4.718119039335311271e+01 1.002184342484593538e+00 4.244374526315667674e-03 8.276468474016508703e-03 3.510807269649235136e-03 1.000000157313910787e+00 -5.300000000155624491e+01
1.997000000000000000e+03 7.635195673660147975e+01 1.752792570464638629e+03 -4.715856988910549319e+01 9.723839907270959149e-01 4.976176098094767621e-05 1.618865447683426068e-03 1.426547763879770217e-03 1.000000179630561759e+00 -5.300000000159621294e+01
1.998000000000000000e+03 6.415404778139007647e+01 1.756954097636862798e+03 -4.714447571525815306e+01 9.625262298544101647e-01 1.487208736429342809e-04 -1.743273540974138143e-03 -3.002120463835948865e-04 1.000000198169519683e+00 -5.300000000172732939e+01
1.999000000000000000e+03 5.375809721663321739e+01 1.760709984010162998e+03 -4.713049236968291922e+01 9.713055414576396984e-01 3.501479606084313429e-03 -3.654658878027870327e-03 -7.690127313547253859e-04 1.000000212838231928e+00 -5.300000000185156779e+01
2.000000000000000000e+03 4.502531846656171410e+01 1.762331989212483222e+03 -4.711340180843836833e+01 9.827486638060478619e-01 8.988877969136646953e-03 -2.161869910035931451e-03 -1.548324626330669631e-03 1.000000224011167838e+00 -5.300000000194216199e+01
2.001000000000000000e+03 3.761621956226127139e+01 1.761514050729083920e+03 -4.709325031440869935e+01 9.978985244842218938e-01 1.004064081981374638e-02 2.719328393892393877e-04 6.969575242846631031e-05 1.000000232123624544e+00 -5.300000000202886952e+01
2.002000000000000000e+03 3.136231564456369725e+01 1.759578024451364172e+03 -4.707337963170699169e+01 9.974105947728038046e-01 1.270601034514502910e-02 -3.876759688659806393e-04 1.146362473597321353e-04 1.000000237430596739e+00 -5.300000000208970619e+01
2.003000000000000000e+03 2.615652422809541378e+01 1.757958929321669302e+03 -4.705661316934195781e+01 9.967513998515459273e-01 2.146879995163645388e-02 6.963702260224777273e-04 -3.730868932704006400e-04 1.000000240254258710e+00 -5.300000000213334062e+01
2.004000000000000000e+03 2.183481085041175973e+01 1.756318923809791386e+03 -4.704188745850157716e+01 9.997538653384423490e-01 2.941225101515548140e-02 3.694796909980460099e-03 8.373337106187096019e-04 1.000000240831612208e+00 -5.300000000218385310e+01
2.005000000000000000e+03 1.825672220863929596e+01 1.755049648345189780e+03 -4.702980630796393768e+01 9.947415247042955544e-01 2.213921533130183000e-02 4.776541195182120066e-03 1.323712469928129288e-03 1.000000239000542690e+00 -5.300000000212101980e+01
2.006000000000000000e+03 1.526337993229082279e+01 1.754963780266781441e+03 -4.702157201127954522e+01 9.874711901168278239e-01 1.556015623738225655e-02 4.441554091799274247e-03 1.537057313493059513e-03 1.000000234165687063e+00 -5.300000000208549267e+01
2.007000000000000000e+03 1.276102600955049127e+01 1.756128532431546546e+03 -4.701670386297429616e+01 9.800300865399518280e-01 9.720286350765720146e-03 4.088908746061028533e-03 1.161666873128946531e-03 1.000000225838657331e+00 -5.300000000204529726e+01
2.008000000000000000e+03 1.067859160351740933e+01 1.758131558247825296e+03 -4.701382085708350189e+01 9.759196451262202032e-01 5.306876898630572166e-03 4.988595033985718068e-03 1.286740110266173338e-03 1.000000213851629072e+00 -5.300000000193794136e+01
2.009000000000000000e+03 8.940627517821509329e+00 1.760626940283860449e+03 -4.701192539518294922e+01 9.715673063441850887e-01 1.190238656097797332e-03 2.385891644322078991e-03 1.631191929912816172e-03 1.000000198175033050e+00 -5.300000000177296045e+01
2.010000000000000000e+03 7.487538974688074944e+00 1.763749128135172668e+03 -4.701110257744178966e+01 9.652855085573749383e-01 -1.806454112082043605e-03 -5.177111443867940966e-04 -3.247800029185168321e-05 1.000000178663896788e+00 -5.300000000157156421e+01
2.011000000000000000e+03 6.264681899330398984e+00 1.766537412081239154e+03 -4.700920347907378272e+01 9.711488750640988599e-01 -1.929891081184157255e-03 1.039579839697548150e-02 -2.501302101061087728e-04 1.000000154856256485e+00 -5.300000000124516220e+01
2.012000000000000000e+03 5.230774462042952599e+00 1.767968249518445873e+03 -4.700449077413715315e+01 9.776094416987545221e-01 -4.595013966643265654e-03 7.202129539970449253e-03 5.744529979805221287e-03 1.000000127084636814e+00 -5.300000000084603613e+01
2.013000000000000000e+03 4.377584138855087126e+00 1.772175541005589139e+03 -4.700571048147339326e+01 9.376984299762425312e-01 -1.149452172238893920e-02 -9.767390159289774873e-03 -7.544882291931500175e-04 1.000000098135023219e+00 -5.300000000054183857e+01
2.014000000000000000e+03 3.669044612934998284e+00 1.777833674795318075e+03 -4.700864800936754762e+01 9.539362286338892716e-01 -6.908526252399811024e-03 -6.908526252399645358e-03 -4.605684168266558319e-03 1.000000072827335051e+00 -5.300000000018978596e+01
