1.360396331124697440e+02
1.750249255931772041e+03
1.059173189078464229e-02
9.863990682881741412e-01
9.810785092973486332e-01
9.912878299037998220e-01
9.957032621998939126e-01
9.714439616481997941e-01
9.644152270392278847e-01
9.792422156184136250e-01
9.927669304352528812e-01
1.005464533441990493e+00
9.991666029077006517e-01
9.845187562250675706e-01
9.930806724161369559e-01
1.004079419989643895e+00
9.952931794997684767e-01
9.766418055711247881e-01
9.613094390716014903e-01
9.568299816219756337e-01
9.645005077956708694e-01
9.817570379172821937e-01
9.994642979165231367e-01
9.980269262354608539e-01
9.704020853487004272e-01
9.591591547820940145e-01
1.777762269572050191e-02
-8.307275366630652302e-03
6.831701601948132752e-03
1.617681451248910440e-02
-4.240653240998640792e-03
9.013700213331707692e-04
4.460043323956045490e-03
4.807944067277783798e-03
1.270615449881260829e-02
6.442102732006326112e-03
-2.310944663363925962e-03
6.823525536041080003e-03
1.642666687953516641e-02
8.705198231727861655e-03
3.525418642352380703e-03
1.898994840555777311e-04
-1.594398184075307857e-03
-2.229877330986401382e-03
-6.874232837933349095e-04
3.987816211578839448e-03
3.952991329426417018e-03
-5.928225396868341650e-03
-5.603652419055497533e-03
8.953817920663484017e-03
-4.912908331019555375e-02
3.203061842846786217e-02
4.093632640300608194e-02
-5.653377500783538130e-03
1.270448402282315292e-03
-3.161283272206369833e-03
-6.689976360573459367e-03
9.457372892486390695e-03
2.934126496805552868e-03
-8.006785821936878572e-03
8.457801806729698269e-05
8.138303836978121736e-03
5.648274730233072798e-03
3.529926656689949885e-03
1.921033989611596821e-03
2.640507954337895763e-04
-5.027733275487981761e-03
-9.146816309573041134e-03
7.679919169219719295e-03
1.267309871992382785e-02
-4.527312292103513602e-03
-5.603652419055515747e-03
3.048035231857483540e-02
-1.191482836519659402e-02
-1.737919295723736393e-02
3.359400992603154418e-02
-1.081466521056539823e-03
-1.910357312712176146e-03
2.383448620778755907e-03
-4.006650421614818200e-03
-4.209528317127302533e-04
4.377783966099251488e-03
-2.487745988574405469e-03
-2.850111226050108977e-03
2.906496571428618999e-03
2.050899269291465120e-03
1.416422918829928239e-03
7.642817654701259886e-04
4.247868646422684499e-04
-1.990024008158361316e-04
-2.522255826274384140e-03
-2.860497370752865080e-03
6.384354786852805205e-03
1.651502154477296194e-03
-3.735768279370444735e-03
1.000001552880498634e+00
1.000001623838740583e+00
1.000001689606726973e+00
1.000001749785297545e+00
1.000001803998027183e+00
1.000001851895826910e+00
1.000001893159624178e+00
1.000001927506351862e+00
1.000001954696159157e+00
1.000001974535093430e+00
1.000001986874650362e+00
1.000001991612328389e+00
1.000001988692643007e+00
1.000001978106720202e+00
1.000001959892386161e+00
1.000001934134672865e+00
1.000001900970089563e+00
1.000001860592957925e+00
1.000001813259638439e+00
1.000001759291463843e+00
1.000001699075095507e+00
1.000001633054628414e+00
1.000001561713488751e+00
1.052957655897480624e-02
1.052957655897091872e-02
1.052957655896842940e-02
1.052957655896680396e-02
1.052957655896838603e-02
1.052957655896544567e-02
1.052957655895753707e-02
1.052957655894989041e-02
1.052957655894496553e-02
1.052957655894069117e-02
1.052957655893787571e-02
1.052957655893581833e-02
1.052957655893318155e-02
1.052957655893668742e-02
1.052957655893878817e-02
1.052957655894079352e-02
1.052957655894569584e-02
1.052957655895314648e-02
1.052957655896276032e-02
1.052957655897985775e-02
1.052957655900151578e-02
1.052957655901853862e-02
1.052957655903847406e-02
