1.992000000000000000e+03 1.388549644771380542e+02 1.735289301053360532e+03 -4.735022347084860428e+01 1.000631049924774141e+00 6.449186114418274749e-04 6.763196720261147564e-05 1.987764440606461125e-05 9.954802802004240059e-01 -5.335828934602504603e+01
1.993000000000000000e+03 1.314295230167693376e+02 1.736431371233303935e+03 -4.733874593347642445e+01 9.998418248650481344e-01 3.757584260056846294e-04 5.215887434151418589e-05 1.225470520172611421e-05 1.009570210569789905e+00 -5.312391982643338650e+01
1.994000000000000000e+03 1.195779716591090249e+02 1.741815823266140114e+03 -4.730691788974716872e+01 1.000012890880745520e+00 3.684135936691209680e-04 7.973277967076684706e-05 1.878033089055176788e-05 1.038807159070596731e+00 -5.276014021233321927e+01
1.995000000000000000e+03 1.072730009544030878e+02 1.748751054874796182e+03 -4.728677528234881322e+01 9.990379607716002308e-01 3.605226756085409563e-04 9.551733055013159198e-05 2.981413962441769596e-05 1.031543892120001749e+00 -5.316542760718323279e+01
1.996000000000000000e+03 9.376954465695605734e+01 1.750850431433218773e+03 -4.727497143746018082e+01 1.001140315990103336e+00 6.696660592579767757e-05 1.614515834554090508e-05 5.810271217806458555e-06 9.994952698430623617e-01 -5.313217515163748317e+01
1.997000000000000000e+03 7.909569419781290378e+01 1.754450448484719800e+03 -4.723685319779724523e+01 9.986503690153178958e-01 5.235777627409486396e-05 1.035213339906625331e-05 3.520926422578157116e-06 1.046899778757821142e+00 -5.261931328562763355e+01
1.998000000000000000e+03 6.582061469300749934e+01 1.764852047824670990e+03 -4.720841297488576060e+01 9.990466273433217248e-01 5.202171732282079384e-05 9.057950624038323969e-06 2.922123525708561740e-06 1.071139074191314711e+00 -5.285235140879341031e+01
1.999000000000000000e+03 5.468182071484283568e+01 1.772165951750359909e+03 -4.720606963930373468e+01 1.000857151341360662e+00 5.451246752261658407e-05 9.266926873907646331e-06 2.780415983845464823e-06 1.031021875993432202e+00 -5.317507670155008270e+01
2.000000000000000000e+03 4.548161823134627468e+01 1.772844640767293413e+03 -4.720329497718233824e+01 9.986417871688638703e-01 5.973484429164986577e-05 1.040719861255624200e-05 3.154854175038675486e-06 1.011610503617903944e+00 -5.319839682523053170e+01
2.001000000000000000e+03 3.780809480470315975e+01 1.771088600092905835e+03 -4.719611241275989499e+01 1.001976668243515833e+00 4.542551765425156259e-05 7.562020864400159604e-06 2.462488790926286777e-06 1.007918360089566034e+00 -5.322465595380776193e+01
2.002000000000000000e+03 3.139151382857174255e+01 1.772615463748474212e+03 -4.719824144861839699e+01 9.982867850060160864e-01 5.375637675810184701e-05 8.783460105697074520e-06 2.649190955244008901e-06 1.041475300746453891e+00 -5.316258610905588711e+01
2.003000000000000000e+03 2.609138941721612426e+01 1.776857588054573398e+03 -4.719920442587621778e+01 1.000883924424083471e+00 5.998135330169785480e-05 1.112607714950213732e-05 3.206449115221151291e-06 1.037145244499533048e+00 -5.306636990349844751e+01
2.004000000000000000e+03 2.173764878057933103e+01 1.776965010988059248e+03 -4.719696883036294821e+01 9.996476530960486384e-01 5.648838569634770878e-05 1.379150303636835558e-05 4.210935651112808310e-06 1.006272940050985110e+00 -5.333262246407443996e+01
2.005000000000000000e+03 1.814538489590971793e+01 1.773784268677247155e+03 -4.719900265461674138e+01 1.001049814269508786e+00 3.466437374616244900e-05 1.305986062311169409e-05 4.057281176945047791e-06 1.003604570142602403e+00 -5.332329844914929140e+01
2.006000000000000000e+03 1.514067246910517817e+01 1.774836123975317150e+03 -4.720129998858890730e+01 9.995933027050847297e-01 1.758522552747135409e-05 1.249788254925704435e-05 3.840719950614826568e-06 1.044296541513931587e+00 -5.310460135634475876e+01
2.007000000000000000e+03 1.262576436349592157e+01 1.780970692051090737e+03 -4.719903217986954047e+01 9.990814170297978025e-01 3.840491959143296865e-06 1.191555512814970859e-05 3.663875110936635804e-06 1.055158560748294949e+00 -5.297476613576457538e+01
2.008000000000000000e+03 1.052443749419115981e+01 1.786846515579837842e+03 -4.720351226739871464e+01 1.001360712578712064e+00 -6.993246583484991070e-06 1.125197467681490250e-05 3.520503930633864051e-06 1.050659781784523794e+00 -5.322076811610276792e+01
2.009000000000000000e+03 8.770431971970291229e+00 1.793178371285067442e+03 -4.724688639228402565e+01 9.983277477217565865e-01 -1.507189549495277784e-05 9.745195749802910184e-06 3.184650016461151978e-06 1.065319933463628521e+00 -5.361823087670336463e+01
2.010000000000000000e+03 7.302441054181278979e+00 1.798627050778730336e+03 -4.730080312392858843e+01 1.002459683308531968e+00 -2.064179408091669463e-05 7.364125431315081820e-06 2.649717720059071364e-06 1.050775813413444171e+00 -5.355261870051375439e+01
2.011000000000000000e+03 6.073882739412194809e+00 1.803123469065521476e+03 -4.733291557987484310e+01 9.991584919400828824e-01 -2.377120210181117745e-05 2.920958303892815194e-06 1.807759387320793859e-06 1.061951833874178242e+00 -5.340251534185625104e+01
2.012000000000000000e+03 5.049080159235534104e+00 1.808133444731712871e+03 -4.734811806349015484e+01 9.997702005831919925e-01 -2.407071361112791396e-05 -1.056183668900661939e-05 1.116369188863658116e-07 1.059173549210336684e+00 -5.330274469627671863e+01
2.013000000000000000e+03 4.193443795122052897e+00 1.813415733949545029e+03 -4.735434446327890612e+01 1.000919912221805319e+00 -1.881015031165644692e-05 -1.710569753535746022e-05 -5.722289102579588119e-06 1.071668513219377727e+00 -5.325881469963300674e+01
2.014000000000000000e+03 3.480668132557858563e+00 1.822446879652801272e+03 -4.735834330769350942e+01 9.982919904160030278e-01 -6.817811105190790909e-06 -6.817811105191253389e-06 -4.545207403460586847e-06 1.101345708662098799e+00 -5.308951652504201491e+01
