1.364833602407863680e+02
1.731715396734487967e+03
1.059172354952167723e-02
1.000565540894770900e+00
9.989277942974899016e-01
1.000277040741543999e+00
1.000707560697117415e+00
9.981655782411239519e-01
1.001421934833593763e+00
9.967041962773038888e-01
1.003144072979423207e+00
9.971600576855925713e-01
1.000436613200272884e+00
1.001096122655219967e+00
9.987729171596244626e-01
1.002017178956804866e+00
9.972681742020478302e-01
1.002965097244121973e+00
9.968231669329083999e-01
1.002730885367548730e+00
9.981860795389986274e-01
1.000866041423898123e+00
1.001757541860357703e+00
9.981570174976182042e-01
9.996529570035576073e-01
9.996920904541585218e-01
9.918591082936434669e-04
5.905179574429121007e-04
5.895212151610657991e-04
5.894242519841777321e-04
1.109914758376619111e-04
8.440517137615075396e-05
7.991137931388825647e-05
8.154280746345654411e-05
8.934522900544925332e-05
6.922302039224600858e-05
8.363319523971475284e-05
9.529489403368288677e-05
9.180885834506929608e-05
5.817207951264488614e-05
3.163980860907106529e-05
9.768633121429357748e-06
-7.942154709602718032e-06
-2.177328937425253628e-05
-3.172033917028185422e-05
-3.751735803850903098e-05
-3.883536587960121007e-05
-3.125643755786009593e-05
-1.159282924176836802e-05
7.335796995861698828e-05
5.932041045619747412e-05
9.752343021937864408e-05
1.416101763473973454e-04
3.023654647605261486e-05
2.125041675438054932e-05
1.695214206546333919e-05
1.470705007969637294e-05
1.479016943753647960e-05
1.093303628265063764e-05
1.292977235943762599e-05
1.596491056783489680e-05
1.983336815590272401e-05
1.942907505329279734e-05
1.941651766488022569e-05
1.936192732381956301e-05
1.909822995975785255e-05
1.684065046215821776e-05
1.285667031317208350e-05
6.405691408937079849e-06
-1.604718538618604782e-05
-2.835823024741740338e-05
-1.159282924176992825e-05
2.085004394220915679e-05
1.363762412274500839e-05
2.160885398155054489e-05
3.764773309219384323e-05
9.738503864741712506e-06
7.406414859897275284e-06
5.843847657527252849e-06
4.869017795456609794e-06
4.583133524982919330e-06
3.434720341250766546e-06
3.959078800589849280e-06
4.660769439034238039e-06
5.982504272857239840e-06
5.894302540937725554e-06
5.830863872344151782e-06
5.803103114865851098e-06
5.844310808898222033e-06
5.510273998087657228e-06
4.573461048015429204e-06
3.198121995278818878e-06
8.578711552096571178e-07
-9.244795796800111962e-06
-7.728552827847316790e-06
1.017523345686084824e+00
1.034179715565000324e+00
1.019182571666398029e+00
1.014041463465895188e+00
1.012957591854516171e+00
1.025955308399875809e+00
1.086297319673485529e+00
1.032240981111188116e+00
1.023904685518102209e+00
1.005391542767308577e+00
1.029178558477380712e+00
1.035381522203310478e+00
9.977590964774312177e-01
1.027998250423480364e+00
1.019827767718791467e+00
1.077163434763219074e+00
1.052097776311585076e+00
1.039069747487246342e+00
1.060504305039760453e+00
1.072550250237516378e+00
1.060210318854158063e+00
1.070096785365140191e+00
1.099568739942925699e+00
1.052691602078095062e-02
1.052874319673003170e-02
1.053175844097835497e-02
1.052762636554789404e-02
1.052820147246136956e-02
1.053317628911695433e-02
1.053091887912669875e-02
1.052799193644560205e-02
1.052780445865509826e-02
1.052707497296176235e-02
1.052738523956286802e-02
1.052858974717853398e-02
1.052631861724275149e-02
1.052662598103744178e-02
1.052851024316020338e-02
1.052993066884555691e-02
1.052690339402876513e-02
1.052234181028679876e-02
1.052347600626615635e-02
1.052522003513070570e-02
1.052610348889699773e-02
1.052656679244674300e-02
1.052856597368244732e-02
