1.992000000000000000e+03 1.350003648482500296e+02 1.733980397169261096e+03 -4.735069637816557986e+01 1.000565540894770900e+00 9.918591082936434669e-04 7.335796995861698828e-05 2.085004394220915679e-05 1.017523345686084824e+00 -5.324182689382794820e+01
1.993000000000000000e+03 1.283066430425514852e+02 1.739978281316247148e+03 -4.734505263705180056e+01 9.989277942974899016e-01 5.905179574429121007e-04 5.932041045619747412e-05 1.363762412274500839e-05 1.034179715565000324e+00 -5.307574775211409701e+01
1.994000000000000000e+03 1.170470418226158245e+02 1.745405915716281243e+03 -4.731237779590480130e+01 1.000277040741543999e+00 5.895212151610657991e-04 9.752343021937864408e-05 2.160885398155054489e-05 1.019182571666398029e+00 -5.280167911202704545e+01
1.995000000000000000e+03 1.052003797441238646e+02 1.748097792117211611e+03 -4.728189077658151263e+01 1.000707560697117415e+00 5.894242519841777321e-04 1.416101763473973454e-04 3.764773309219384323e-05 1.014041463465895188e+00 -5.317726096293551308e+01
1.996000000000000000e+03 9.209695908083132565e+01 1.750059439145898295e+03 -4.727051900579282062e+01 9.981655782411239519e-01 1.109914758376619111e-04 3.023654647605261486e-05 9.738503864741712506e-06 1.012957591854516171e+00 -5.312498724572256492e+01
1.997000000000000000e+03 7.774121141891056652e+01 1.752937627573429609e+03 -4.723373798785279831e+01 1.001421934833593763e+00 8.440517137615075396e-05 2.125041675438054932e-05 7.406414859897275284e-06 1.025955308399875809e+00 -5.267280416188135916e+01
1.998000000000000000e+03 6.471915806246161651e+01 1.762993443822460222e+03 -4.720982366505510441e+01 9.967041962773038888e-01 7.991137931388825647e-05 1.695214206546333919e-05 5.843847657527252849e-06 1.086297319673485529e+00 -5.287799070138743218e+01
1.999000000000000000e+03 5.378972613502466515e+01 1.772103683928136661e+03 -4.721231840990191841e+01 1.003144072979423207e+00 8.154280746345654411e-05 1.470705007969637294e-05 4.869017795456609794e-06 1.032240981111188116e+00 -5.314403280094781223e+01
2.000000000000000000e+03 4.475524221818078274e+01 1.774090719330404681e+03 -4.720923254257647272e+01 9.971600576855925713e-01 8.934522900544925332e-05 1.479016943753647960e-05 4.583133524982919330e-06 1.023904685518102209e+00 -5.316107339020770439e+01
2.001000000000000000e+03 3.722943864285178961e+01 1.773383995968908494e+03 -4.720236821114765036e+01 1.000436613200272884e+00 6.922302039224600858e-05 1.093303628265063764e-05 3.434720341250766546e-06 1.005391542767308577e+00 -5.322737913510566443e+01
2.002000000000000000e+03 3.091999568426865252e+01 1.773044183385606857e+03 -4.720021963724929748e+01 1.001096122655219967e+00 8.363319523971475284e-05 1.292977235943762599e-05 3.959078800589849280e-06 1.029178558477380712e+00 -5.319917782893190861e+01
2.003000000000000000e+03 2.570770410737293687e+01 1.775819625952486604e+03 -4.719992265354300542e+01 9.987729171596244626e-01 9.529489403368288677e-05 1.596491056783489680e-05 4.660769439034238039e-06 1.035381522203310478e+00 -5.308969540336816806e+01
2.004000000000000000e+03 2.142637052789886809e+01 1.774982051489175092e+03 -4.719375512871393141e+01 1.002017178956804866e+00 9.180885834506929608e-05 1.983336815590272401e-05 5.982504272857239840e-06 9.977590964774312177e-01 -5.329612709617792632e+01
2.005000000000000000e+03 1.789492349825702178e+01 1.773804295471899422e+03 -4.719750971013780827e+01 9.972681742020478302e-01 5.817207951264488614e-05 1.942907505329279734e-05 5.894302540937725554e-06 1.027998250423480364e+00 -5.326818967986324083e+01
2.006000000000000000e+03 1.493818908953916669e+01 1.774758066646086036e+03 -4.719602896013519455e+01 1.002965097244121973e+00 3.163980860907106529e-05 1.941651766488022569e-05 5.830863872344151782e-06 1.019827767718791467e+00 -5.309692184390890901e+01
2.007000000000000000e+03 1.246004946764266563e+01 1.780677995112010194e+03 -4.719313373349864804e+01 9.968231669329083999e-01 9.768633121429357748e-06 1.936192732381956301e-05 5.803103114865851098e-06 1.077163434763219074e+00 -5.296781345563128696e+01
2.008000000000000000e+03 1.039079462086762362e+01 1.788930028554093951e+03 -4.720620579522361027e+01 1.002730885367548730e+00 -7.942154709602718032e-06 1.909822995975785255e-05 5.844310808898222033e-06 1.052097776311585076e+00 -5.324297458640114655e+01
2.009000000000000000e+03 8.661008130559700646e+00 1.792404264056499642e+03 -4.724319748929872986e+01 9.981860795389986274e-01 -2.177328937425253628e-05 1.684065046215821776e-05 5.510273998087657228e-06 1.039069747487246342e+00 -5.365759201953667912e+01
2.010000000000000000e+03 7.214681362145081600e+00 1.796538703997953235e+03 -4.729549155243584124e+01 1.000866041423898123e+00 -3.172033917028185422e-05 1.285667031317208350e-05 4.573461048015429204e-06 1.060504305039760453e+00 -5.355450155286134617e+01
2.011000000000000000e+03 6.002191208685061952e+00 1.803191226531545226e+03 -4.733497663637575670e+01 1.001757541860357703e+00 -3.751735803850903098e-05 6.405691408937079849e-06 3.198121995278818878e-06 1.072550250237516378e+00 -5.339598108920040431e+01
2.012000000000000000e+03 4.990415021720792765e+00 1.809246974231365130e+03 -4.735368153917740841e+01 9.981570174976182042e-01 -3.883536587960121007e-05 -1.604718538618604782e-05 8.578711552096571178e-07 1.060210318854158063e+00 -5.331568088581273201e+01
2.013000000000000000e+03 4.146859688913440145e+00 1.814593646315885962e+03 -4.736075056014199447e+01 9.996529570035576073e-01 -3.125643755786009593e-05 -2.835823024741740338e-05 -9.244795796800111962e-06 1.070096785365140191e+00 -5.327356954809347656e+01
2.014000000000000000e+03 3.442832475639276080e+00 1.823141688201286343e+03 -4.736351935975014271e+01 9.996920904541585218e-01 -1.159282924176836802e-05 -1.159282924176992825e-05 -7.728552827847316790e-06 1.099568739942925699e+00 -5.309185627233037508e+01
