1.406374219069589628e+02
1.731856786038658356e+03
1.059172204778220834e-02
1.000622515461823347e+00
9.999632767587142146e-01
9.982106485183555034e-01
9.996213428758283781e-01
1.001496063478192644e+00
9.994871193807599585e-01
9.957965538059246891e-01
9.982791474746910421e-01
1.001152794983327876e+00
9.997028960508753670e-01
9.983012170565725985e-01
1.000667594463345411e+00
1.001083896115419813e+00
9.995282081079487346e-01
9.978540353184417455e-01
9.969803334212244961e-01
1.000493434431835249e+00
1.000593265389888353e+00
9.987506938542627388e-01
9.999058352726991616e-01
1.001373704399301845e+00
9.987040515351380821e-01
9.972569465236320596e-01
2.038975646938058015e-11
1.191659346055790937e-11
1.172196693737340848e-11
1.149945131866299982e-11
2.138711321921375769e-12
1.674572352513117626e-12
1.669084755753515848e-12
1.753425721897081023e-12
1.920802409710252841e-12
1.457715033118321438e-12
1.721094264708965557e-12
1.918307776609049721e-12
1.807753192951969297e-12
1.111639155945193451e-12
5.657784470305168724e-13
1.250906409018443772e-13
-2.228258022123154949e-13
-4.820745652066347198e-13
-6.598937213157182231e-13
-7.598382083828933844e-13
-7.700757403192351415e-13
-6.023442567001498006e-13
-2.184702470166717629e-13
2.110868565125474747e-12
1.625809566961850257e-12
2.515567014377146496e-12
3.035828156712741663e-12
5.101949810100112135e-13
3.231772009079435018e-13
2.855145085408590242e-13
2.985590613926381639e-13
3.394619436055068958e-13
2.470748984228581628e-13
2.834156425987053227e-13
3.539435750136954313e-13
4.381000929016895523e-13
4.173270242844888197e-13
4.013123832188774627e-13
3.831536271008588810e-13
3.604780597358237011e-13
3.109442417434105500e-13
2.356636317855385122e-13
9.464640620710180815e-14
-3.372989404145780365e-13
-5.477266949459902155e-13
-2.184702470166304645e-13
6.249433063544187675e-15
3.802760185309345745e-15
5.868130711223028680e-15
9.455841129200471359e-15
1.850108733142420152e-15
1.102653943075341266e-15
9.092355459641978362e-16
8.869774558702479146e-16
1.024600837693895868e-15
8.061104526490540996e-16
8.639934151140800746e-16
1.025444202210137189e-15
1.334179631214199505e-15
1.291653665852188022e-15
1.231304496732161734e-15
1.178090871926395195e-15
1.132090302355651043e-15
1.016877410040189053e-15
8.448673612657543828e-16
5.809788138432827453e-16
3.999778202983288693e-17
-1.830925907834459177e-15
-1.456468313444100731e-15
1.010691692850374190e+00
1.021169298968897632e+00
1.028579100421920689e+00
1.023133927628232742e+00
1.022118595863791946e+00
1.040498799428108967e+00
1.055328991718071485e+00
1.037087811624233025e+00
1.013238078566092382e+00
1.018383209386282795e+00
1.034556190144081844e+00
1.028927389156175876e+00
1.013004717558866563e+00
1.012445522457017688e+00
1.033296838657721262e+00
1.055594471992044925e+00
1.059669948592437017e+00
1.058903119029271700e+00
1.058312200813557036e+00
1.056654465760985318e+00
1.062100655167473429e+00
1.079202038826755805e+00
1.090308763132642689e+00
1.052532009782374163e-02
1.052800565874877081e-02
1.053488260625232674e-02
1.052610753332374784e-02
1.052689191580996088e-02
1.053612555075150378e-02
1.053099803316913732e-02
1.052667639864377294e-02
1.052785791859778448e-02
1.052702731910872685e-02
1.052753664925824666e-02
1.053020179056594376e-02
1.052476960224083685e-02
1.052546384540906446e-02
1.052824826243141561e-02
1.053140661461577851e-02
1.052822318187127126e-02
1.052052354651946027e-02
1.052303592064763628e-02
1.052528849991871997e-02
1.052654482397043581e-02
1.052625713324648049e-02
1.052855176023732159e-02
