1.344779553920836292e+02
1.727085097989704991e+03
1.059172994597163200e-02
9.999999999990039079e-01
9.999999999988499200e-01
9.999999999990883959e-01
9.999999999990590860e-01
9.999999999993346433e-01
9.999999999991096011e-01
9.999999999989847010e-01
9.999999999990656363e-01
9.999999999994344524e-01
1.000000000000266898e+00
1.000000000000047296e+00
9.999999999997215561e-01
9.999999999998691047e-01
9.999999999996723732e-01
9.999999999996382893e-01
9.999999999995439204e-01
9.999999999997016831e-01
9.999999999998580025e-01
9.999999999995641264e-01
9.999999999998260281e-01
1.000000000000670575e+00
9.999999999991531219e-01
9.999999999988141708e-01
9.423120027307151092e-02
-4.614387097893331985e-02
5.839880193427356841e-02
7.745441353565174492e-02
5.355825634026369075e-02
1.698782051331601192e-02
-8.667979408553759535e-03
-5.605666283824277916e-03
1.251223325951354992e-01
1.852622108247289900e-01
7.071322060377177587e-02
1.374951093331339969e-01
3.303110440669664860e-01
2.084170489054890663e-01
1.345153622045520136e-01
7.584761412973060890e-02
6.581675038891308949e-02
3.318821100772206129e-02
-2.948119204277557803e-02
6.518528621769474618e-02
1.080584521130941583e-01
-1.822783919895160920e-01
-1.792769674720138817e-01
2.280619080179424520e-03
1.009274490868311211e-02
-2.345281679185154400e-02
1.598136912535403631e-01
1.099711525557191538e-01
6.189336176681437679e-02
-2.139648353463589545e-02
-1.813997023838883060e-01
-9.612816361102149987e-02
7.881190979478717995e-02
4.124546590005829377e-02
4.010843201836038208e-02
7.899834414547413086e-02
5.782757361746772989e-02
1.941155671392152948e-02
-2.574448779236964205e-02
7.926926495063206513e-02
1.531984323005319663e-02
-2.568219640693565897e-01
1.783727072063751307e-01
3.851941330951598741e-01
-1.374591501215135791e-01
-1.792769674720116058e-01
2.385811682536151668e-01
-1.152348757136289342e-01
1.017197322035984786e-01
-1.017847671337736570e-01
3.574399983765594313e-02
2.670645795305073497e-02
1.258211770281478584e-02
-2.395123573912447471e-02
-9.005462067036017204e-02
1.690301543746469334e-02
3.661021024339772972e-02
-9.113232976693265083e-03
3.585218765559920751e-02
1.368876557469440348e-02
2.053895883632171973e-02
-6.198303995744158627e-03
-9.019340018673310116e-03
4.949241332194115328e-02
-3.142334760152439704e-02
-1.118330360891045261e-01
1.845985393813516229e-01
5.775803947900255697e-02
-1.195179783146737007e-01
1.060186450996892793e+00
9.937406908675110451e-01
1.058738777989848723e+00
9.750254963918085771e-01
1.051101473198712943e+00
9.906206625621970518e-01
1.116948235672509560e+00
1.009943386371354279e+00
1.037181381350942511e+00
1.003923544533473322e+00
1.020595789102309636e+00
1.054159808358939410e+00
9.683103763189240265e-01
1.065995087429325805e+00
9.769556084867111467e-01
1.122324099833099442e+00
1.006667126027483095e+00
1.082276025141498899e+00
1.020743793296285729e+00
1.106632932475884568e+00
1.029873309749011812e+00
1.098033476910944328e+00
1.075799502734384516e+00
1.052774654112534868e-02
1.052910169156355547e-02
1.053151316927272360e-02
1.052765052665436372e-02
1.052834092197030627e-02
1.053304924853973659e-02
1.053125950132324101e-02
1.052812206328585659e-02
1.052762835205375315e-02
1.052715086088740377e-02
1.052757632157807002e-02
1.052833380474811793e-02
1.052624179576881758e-02
1.052626472045277949e-02
1.052849689035733650e-02
1.052995510845786999e-02
1.052708321405855171e-02
1.052236327861051646e-02
1.052349062118525594e-02
1.052515179399078106e-02
1.052658441988063576e-02
1.052690841727193898e-02
1.052868357195104604e-02
