1.992000000000000000e+03 1.347124285870569906e+02 1.735306808627526607e+03 -4.735678949926713699e+01 9.999999999993983701e-01 7.746392591613922296e-02 6.433891909976868773e-02 2.087425233654058576e-01 1.024220254534828900e+00 -5.330468513597530489e+01
1.993000000000000000e+03 1.276120059542741245e+02 1.736411670592775863e+03 -4.734145635220465920e+01 9.999999999992407185e-01 -5.903192371548849487e-02 -5.265760637685589635e-02 -8.061939141216688254e-02 9.813789370073433549e-01 -5.312621497437574902e+01
1.994000000000000000e+03 1.179109688885923077e+02 1.741832830774341801e+03 -4.730933461647202165e+01 9.999999999993869348e-01 8.724829466726336316e-03 1.392867653355028268e-01 3.795979402718463458e-02 1.066208625943407373e+00 -5.275956638513790153e+01
1.995000000000000000e+03 1.051788014936658584e+02 1.748720081719697873e+03 -4.728522265401835512e+01 9.999999999994279021e-01 4.387619478712000837e-02 1.079604075164500021e-01 4.761439974907142464e-02 1.005704547188382092e+00 -5.312047190020008713e+01
1.996000000000000000e+03 9.207183674871278356e+01 1.751043341050519302e+03 -4.727054455741186700e+01 9.999999999994070299e-01 2.780049003683277703e-02 1.122962337582678917e-02 4.179460541057438729e-03 1.026180675967757638e+00 -5.310597759331226086e+01
1.997000000000000000e+03 7.859751889595237628e+01 1.754339841296725353e+03 -4.723333813629371036e+01 9.999999999994279021e-01 5.456834130034139002e-02 3.062503357616310623e-02 2.350727078638294599e-03 1.018834933019308497e+00 -5.265962798543255730e+01
1.998000000000000000e+03 6.580376856951600928e+01 1.765262628150092723e+03 -4.721209012747462452e+01 9.999999999995087263e-01 7.441377499844077648e-02 -6.737683387531169521e-02 1.561634000981559738e-02 1.104901224917411495e+00 -5.288353501059239647e+01
1.999000000000000000e+03 5.483763172173041767e+01 1.771989913115099625e+03 -4.720801212451930695e+01 9.999999999994672040e-01 9.654111367715638437e-02 -1.195480192993417512e-01 -5.400602806531909494e-02 9.934631000950158164e-01 -5.317031130728067012e+01
2.000000000000000000e+03 4.567871394515389483e+01 1.773001899134868836e+03 -4.720593442673393270e+01 1.000000000000055733e+00 1.980969588534809145e-01 8.837145634059841159e-02 -2.385746207702653388e-02 1.051066841110251282e+00 -5.319013179608511876e+01
2.001000000000000000e+03 3.794901765374181224e+01 1.771040461360058544e+03 -4.719555504883921060e+01 1.000000000000248246e+00 1.273397250545459658e-01 5.869813208478050909e-02 5.387511416242895396e-02 9.677722550561971282e-01 -5.320441155808752853e+01
2.002000000000000000e+03 3.162876425602504682e+01 1.772599175878649703e+03 -4.719744155863392621e+01 9.999999999996421751e-01 1.656443327638143850e-02 -4.173021225231191705e-02 -1.514510863607553860e-02 1.079956169553671907e+00 -5.316762818978592975e+01
2.003000000000000000e+03 2.638877331110482416e+01 1.776929004526245535e+03 -4.719898383813026044e+01 9.999999999998239186e-01 9.845324726008163052e-02 4.091740667146730875e-02 -1.267503286546793444e-02 1.001861403210999146e+00 -5.306844408755794973e+01
2.004000000000000000e+03 2.195165036807109615e+01 1.776861070371736787e+03 -4.719736382446792788e+01 9.999999999999817923e-01 1.811300873030729786e-01 1.045065057588568103e-01 3.995330397977652631e-02 1.037919540690527054e+00 -5.333518359037869772e+01
2.005000000000000000e+03 1.831899128948466071e+01 1.774000680855193878e+03 -4.719872917577727378e+01 9.999999999997546407e-01 7.841630028880369752e-02 8.431671592162075235e-02 2.419494147849937313e-02 9.757923604062777034e-01 -5.329900720546265802e+01
2.006000000000000000e+03 1.533751366515768488e+01 1.774679887112769620e+03 -4.719869207066507499e+01 9.999999999996319611e-01 1.083359880467434783e-02 4.959671476924809586e-02 2.644816725720213965e-02 1.066927267500857868e+00 -5.310721319543143437e+01
2.007000000000000000e+03 1.286191475190153355e+01 1.781188532427345763e+03 -4.719859280226812359e+01 9.999999999995206057e-01 -3.930208733785427178e-02 -1.019115212003221180e-02 5.397515445380102889e-03 1.038176630218970997e+00 -5.298412107544137228e+01
2.008000000000000000e+03 1.079577274749328808e+01 1.786698755244815857e+03 -4.720273373129768402e+01 9.999999999995877742e-01 -4.561959540106262645e-02 -4.007388727010233881e-02 -1.002858806121965408e-02 1.063103620759830559e+00 -5.321846071435543024e+01
2.009000000000000000e+03 9.051776991760622337e+00 1.793292040828732524e+03 -4.724605647089541094e+01 9.999999999997899458e-01 -2.549779421707816865e-02 -6.154097248970286094e-02 -1.334986942840801945e-02 1.056168953019464452e+00 -5.360976231986980167e+01
2.010000000000000000e+03 7.574217405960283145e+00 1.798610969493001221e+03 -4.730051580899974084e+01 9.999999999999134026e-01 2.659478647741929814e-03 -9.785019201804846800e-02 -2.214195645178411095e-02 1.057613868786165368e+00 -5.357547125618133776e+01
2.011000000000000000e+03 6.313465797026423409e+00 1.803046381486240080e+03 -4.733452980427077250e+01 1.000000000000073275e+00 4.625075963519268557e-02 1.018577096290241568e-01 -3.447320391486278363e-02 1.053479453203294725e+00 -5.341946155395005746e+01
2.012000000000000000e+03 5.236546780959831615e+00 1.808193883988139532e+03 -4.735090774606442920e+01 1.000000000000303535e+00 4.318580917928639684e-02 1.620529330271662516e-01 8.190267493403426136e-02 1.069448556228520086e+00 -5.329916863471040500e+01
2.013000000000000000e+03 4.355092453835612609e+00 1.813314375032685348e+03 -4.735463539000028987e+01 9.999999999996315170e-01 -8.267708067489661083e-02 -6.367104447893676133e-02 2.090609100059520609e-02 1.059701392780361795e+00 -5.323706230521730021e+01
2.014000000000000000e+03 3.640836806816340587e+00 1.822485379320387210e+03 -4.735712519628953743e+01 9.999999999995093924e-01 -7.602414478386108898e-02 -7.602414478385988161e-02 -5.068276318924261337e-02 1.114785830399267264e+00 -5.307678202225163488e+01
