1.387152151527725437e+02
1.732352871007700969e+03
1.059172175557679743e-02
9.999999999993983701e-01
9.999999999992407185e-01
9.999999999993869348e-01
9.999999999994279021e-01
9.999999999994070299e-01
9.999999999994279021e-01
9.999999999995087263e-01
9.999999999994672040e-01
1.000000000000055733e+00
1.000000000000248246e+00
9.999999999996421751e-01
9.999999999998239186e-01
9.999999999999817923e-01
9.999999999997546407e-01
9.999999999996319611e-01
9.999999999995206057e-01
9.999999999995877742e-01
9.999999999997899458e-01
9.999999999999134026e-01
1.000000000000073275e+00
1.000000000000303535e+00
9.999999999996315170e-01
9.999999999995093924e-01
7.746392591613922296e-02
-5.903192371548849487e-02
8.724829466726336316e-03
4.387619478712000837e-02
2.780049003683277703e-02
5.456834130034139002e-02
7.441377499844077648e-02
9.654111367715638437e-02
1.980969588534809145e-01
1.273397250545459658e-01
1.656443327638143850e-02
9.845324726008163052e-02
1.811300873030729786e-01
7.841630028880369752e-02
1.083359880467434783e-02
-3.930208733785427178e-02
-4.561959540106262645e-02
-2.549779421707816865e-02
2.659478647741929814e-03
4.625075963519268557e-02
4.318580917928639684e-02
-8.267708067489661083e-02
-7.602414478386108898e-02
6.433891909976868773e-02
-5.265760637685589635e-02
1.392867653355028268e-01
1.079604075164500021e-01
1.122962337582678917e-02
3.062503357616310623e-02
-6.737683387531169521e-02
-1.195480192993417512e-01
8.837145634059841159e-02
5.869813208478050909e-02
-4.173021225231191705e-02
4.091740667146730875e-02
1.045065057588568103e-01
8.431671592162075235e-02
4.959671476924809586e-02
-1.019115212003221180e-02
-4.007388727010233881e-02
-6.154097248970286094e-02
-9.785019201804846800e-02
1.018577096290241568e-01
1.620529330271662516e-01
-6.367104447893676133e-02
-7.602414478385988161e-02
2.087425233654058576e-01
-8.061939141216688254e-02
3.795979402718463458e-02
4.761439974907142464e-02
4.179460541057438729e-03
2.350727078638294599e-03
1.561634000981559738e-02
-5.400602806531909494e-02
-2.385746207702653388e-02
5.387511416242895396e-02
-1.514510863607553860e-02
-1.267503286546793444e-02
3.995330397977652631e-02
2.419494147849937313e-02
2.644816725720213965e-02
5.397515445380102889e-03
-1.002858806121965408e-02
-1.334986942840801945e-02
-2.214195645178411095e-02
-3.447320391486278363e-02
8.190267493403426136e-02
2.090609100059520609e-02
-5.068276318924261337e-02
1.024220254534828900e+00
9.813789370073433549e-01
1.066208625943407373e+00
1.005704547188382092e+00
1.026180675967757638e+00
1.018834933019308497e+00
1.104901224917411495e+00
9.934631000950158164e-01
1.051066841110251282e+00
9.677722550561971282e-01
1.079956169553671907e+00
1.001861403210999146e+00
1.037919540690527054e+00
9.757923604062777034e-01
1.066927267500857868e+00
1.038176630218970997e+00
1.063103620759830559e+00
1.056168953019464452e+00
1.057613868786165368e+00
1.053479453203294725e+00
1.069448556228520086e+00
1.059701392780361795e+00
1.114785830399267264e+00
1.052622446277173655e-02
1.052818796519857693e-02
1.053222175451574115e-02
1.052825114952520881e-02
1.052841061339187569e-02
1.053332124969869402e-02
1.053085788190756371e-02
1.052770282456478960e-02
1.052748476263762160e-02
1.052732765886318228e-02
1.052773234379769662e-02
1.052882355031539187e-02
1.052588892248959747e-02
1.052628693064681757e-02
1.052839701951228772e-02
1.052975125577021789e-02
1.052717309212935180e-02
1.052286803049064419e-02
1.052324529888608654e-02
1.052496170541198511e-02
1.052628515462271028e-02
1.052696844011092626e-02
1.052873181787755859e-02
