1.992000000000000000e+03 1.310981731777856680e+02 1.733985873066027352e+03 -4.736055433560493100e+01 9.999999999990039079e-01 9.423120027307151092e-02 2.280619080179424520e-03 2.385811682536151668e-01 1.060186450996892793e+00 -5.316633773959000564e+01
1.993000000000000000e+03 1.247980251416871056e+02 1.739971775384737384e+03 -4.734725917680992779e+01 9.999999999988499200e-01 -4.614387097893331985e-02 1.009274490868311211e-02 -1.152348757136289342e-01 9.937406908675110451e-01 -5.304316268782039145e+01
1.994000000000000000e+03 1.151972725292043975e+02 1.745427946543969256e+03 -4.731398751846316486e+01 9.999999999990883959e-01 5.839880193427356841e-02 -2.345281679185154400e-02 1.017197322035984786e-01 1.058738777989848723e+00 -5.282397298458285917e+01
1.995000000000000000e+03 1.030682290215135026e+02 1.748078334937585851e+03 -4.728291069949342074e+01 9.999999999990590860e-01 7.745441353565174492e-02 1.598136912535403631e-01 -1.017847671337736570e-01 9.750254963918085771e-01 -5.317506486667178223e+01
1.996000000000000000e+03 8.987732469291889004e+01 1.750029046491579038e+03 -4.727101617067752670e+01 9.999999999993346433e-01 5.355825634026369075e-02 1.099711525557191538e-01 3.574399983765594313e-02 1.051101473198712943e+00 -5.311231212516853617e+01
1.997000000000000000e+03 7.621681859399303960e+01 1.752995946768241765e+03 -4.723485769940127454e+01 9.999999999991096011e-01 1.698782051331601192e-02 6.189336176681437679e-02 2.670645795305073497e-02 9.906206625621970518e-01 -5.268435149827676867e+01
1.998000000000000000e+03 6.420251219028021694e+01 1.762561372968334808e+03 -4.720897407966140236e+01 9.999999999989847010e-01 -8.667979408553759535e-03 -2.139648353463589545e-02 1.258211770281478584e-02 1.116948235672509560e+00 -5.284703001870383332e+01
1.999000000000000000e+03 5.377509366697690041e+01 1.772429472618342288e+03 -4.721062123634956009e+01 9.999999999990656363e-01 -5.605666283824277916e-03 -1.813997023838883060e-01 -2.395123573912447471e-02 1.009943386371354279e+00 -5.313220505995364107e+01
2.000000000000000000e+03 4.508152879040068939e+01 1.773580352538752777e+03 -4.720559207480800978e+01 9.999999999994344524e-01 1.251223325951354992e-01 -9.612816361102149987e-02 -9.005462067036017204e-02 1.037181381350942511e+00 -5.317708040175128303e+01
2.001000000000000000e+03 3.763146311311684400e+01 1.773869090256157051e+03 -4.720295558892262022e+01 1.000000000000266898e+00 1.852622108247289900e-01 7.881190979478717995e-02 1.690301543746469334e-02 1.003923544533473322e+00 -5.322048139583457527e+01
2.002000000000000000e+03 3.135871985453326261e+01 1.772595055918986418e+03 -4.719616236654289310e+01 1.000000000000047296e+00 7.071322060377177587e-02 4.124546590005829377e-02 3.661021024339772972e-02 1.020595789102309636e+00 -5.318180965225349865e+01
2.003000000000000000e+03 2.617493585590806049e+01 1.776476265315880937e+03 -4.720035067480898761e+01 9.999999999997215561e-01 1.374951093331339969e-01 4.010843201836038208e-02 -9.113232976693265083e-03 1.054159808358939410e+00 -5.311295903788970918e+01
2.004000000000000000e+03 2.183035984964333664e+01 1.774473459075644541e+03 -4.719147602315621270e+01 9.999999999998691047e-01 3.303110440669664860e-01 7.899834414547413086e-02 3.585218765559920751e-02 9.683103763189240265e-01 -5.330310967741547046e+01
2.005000000000000000e+03 1.822746194876585335e+01 1.774280702857355664e+03 -4.720149876429691460e+01 9.999999999996723732e-01 2.084170489054890663e-01 5.782757361746772989e-02 1.368876557469440348e-02 1.065995087429325805e+00 -5.330102597020180610e+01
2.006000000000000000e+03 1.522990537243463471e+01 1.774547646102987983e+03 -4.719920128094990019e+01 9.999999999996382893e-01 1.345153622045520136e-01 1.941155671392152948e-02 2.053895883632171973e-02 9.769556084867111467e-01 -5.309813553384478979e+01
2.007000000000000000e+03 1.273652255854479520e+01 1.780884569465380764e+03 -4.719741970848245671e+01 9.999999999995439204e-01 7.584761412973060890e-02 -2.574448779236964205e-02 -6.198303995744158627e-03 1.122324099833099442e+00 -5.296559203454886955e+01
2.008000000000000000e+03 1.065505071957626093e+01 1.788857610234312006e+03 -4.720682951077215250e+01 9.999999999997016831e-01 6.581675038891308949e-02 7.926926495063206513e-02 -9.019340018673310116e-03 1.006667126027483095e+00 -5.322663007084293696e+01
2.009000000000000000e+03 8.908931379491569658e+00 1.792388061145009715e+03 -4.724440423705533476e+01 9.999999999998580025e-01 3.318821100772206129e-02 1.531984323005319663e-02 4.949241332194115328e-02 1.082276025141498899e+00 -5.365564070154383103e+01
2.010000000000000000e+03 7.482848130631192696e+00 1.796603455255248946e+03 -4.729645040032382042e+01 9.999999999995641264e-01 -2.948119204277557803e-02 -2.568219640693565897e-01 -3.142334760152439704e-02 1.020743793296285729e+00 -5.355317315758645691e+01
2.011000000000000000e+03 6.285791063463062933e+00 1.803080434164952067e+03 -4.733544098762665442e+01 9.999999999998260281e-01 6.518528621769474618e-02 1.783727072063751307e-01 -1.118330360891045261e-01 1.106632932475884568e+00 -5.340218375916894189e+01
2.012000000000000000e+03 5.221374614429687533e+00 1.809360526821350504e+03 -4.735235499994783481e+01 1.000000000000670575e+00 1.080584521130941583e-01 3.851941330951598741e-01 1.845985393813516229e-01 1.029873309749011812e+00 -5.327196732600170037e+01
2.013000000000000000e+03 4.354763512626412592e+00 1.814399691123106095e+03 -4.735487543779526476e+01 9.999999999991531219e-01 -1.822783919895160920e-01 -1.374591501215135791e-01 5.775803947900255697e-02 1.098033476910944328e+00 -5.324251800510803889e+01
2.014000000000000000e+03 3.683041423798519620e+00 1.823209459596970191e+03 -4.735665335380589624e+01 9.999999999988141708e-01 -1.792769674720138817e-01 -1.792769674720116058e-01 -1.195179783146737007e-01 1.075799502734384516e+00 -5.308116729028900238e+01
