1.992000000000000000e+03 1.343307308361464152e+02 1.735303381029642424e+03 -4.735000075841600164e+01 9.862469424803596008e-01 8.943403392898573468e-15 7.208679600114545640e-13 1.097716113927673216e-12 9.781302570059334789e-01 -5.340908836637925106e+01
1.993000000000000000e+03 1.283302433158710869e+02 1.736402530775744935e+03 -4.733828192702193860e+01 9.602665073007642382e-01 -2.642111556548085459e-15 -1.811399261795049575e-12 -2.999895952638698536e-13 9.808547991942323518e-01 -5.316849507882837145e+01
1.994000000000000000e+03 1.174584800457055280e+02 1.741847207327014303e+03 -4.730470812789378243e+01 9.986024530045718439e-01 3.697252868534252412e-15 7.554163905360384646e-13 -7.569636317791572058e-13 1.033756180280859915e+00 -5.275077914686365688e+01
1.995000000000000000e+03 1.052634181054259130e+02 1.748759088979089256e+03 -4.728609737539157720e+01 1.033572482883187149e+00 1.003252205819706431e-14 1.458829488014033238e-12 1.093326656783575152e-12 1.064311574017554385e+00 -5.313724256298624482e+01
1.996000000000000000e+03 9.219631358072616933e+01 1.750884047356191104e+03 -4.727333622532758994e+01 9.584771201100608096e-01 -7.272826593677988548e-16 -1.907982610873204486e-13 -2.072188977001101684e-14 9.602155071313632773e-01 -5.315986052389787631e+01
1.997000000000000000e+03 7.851347723306899695e+01 1.754379061879756136e+03 -4.723335220979962656e+01 9.367613904463237828e-01 4.576492652013922307e-16 5.209924506949801190e-14 -7.568843501606033853e-14 9.962009907473330372e-01 -5.272296794288544675e+01
1.998000000000000000e+03 6.581451616426882367e+01 1.765280844526504779e+03 -4.721036362825381616e+01 9.787755064964386298e-01 1.452552233311227181e-15 1.085072728742720668e-14 9.544889013868864885e-14 1.056742688584107137e+00 -5.292645996682943377e+01
1.999000000000000000e+03 5.484498709192579469e+01 1.771945926425411244e+03 -4.720771004343171739e+01 9.850976711482876125e-01 7.821459065292769221e-16 -1.632551675852496917e-13 -7.870168183513354410e-14 1.008699755273153142e+00 -5.319802193262091095e+01
2.000000000000000000e+03 4.567887740045718914e+01 1.772979231498907438e+03 -4.720585266212906816e+01 9.976740207619148038e-01 2.503935577869797704e-15 1.658819750402326131e-13 -2.798258965826099898e-14 1.022422715831165618e+00 -5.320358646485112786e+01
2.001000000000000000e+03 3.797998579124724472e+01 1.771129966621469748e+03 -4.719796891135008821e+01 9.985755476686063448e-01 1.597722997893052223e-15 5.097153083877398238e-14 9.019386409480176034e-14 9.930959797439076198e-01 -5.322904016103269242e+01
2.002000000000000000e+03 3.161491105829212955e+01 1.772517380916354114e+03 -4.719737826279812509e+01 9.693792503608539279e-01 -2.322676122419112778e-18 -1.524305465030733134e-13 -5.774592108660031951e-14 1.026683489430848306e+00 -5.318105346310098014e+01
2.003000000000000000e+03 2.635979703191947010e+01 1.777010925303490467e+03 -4.719708983471704045e+01 9.911177306044390845e-01 1.909807809469544847e-15 4.592461053421744890e-14 -4.387444324877549230e-14 1.021469633542858135e+00 -5.308175164238215871e+01
2.004000000000000000e+03 2.195843980078293711e+01 1.776855701603556554e+03 -4.719573620163608751e+01 1.007890193846860960e+00 3.493410654834384946e-15 1.672238458990699501e-13 7.449085027157729884e-14 1.017891120547154360e+00 -5.334057915838563702e+01
2.005000000000000000e+03 1.832682767814193880e+01 1.773921610083180667e+03 -4.719982745691475401e+01 9.906993450301114779e-01 1.717339479643982647e-15 9.190428865118687058e-14 3.011714740548651929e-14 9.926936927177442138e-01 -5.334093006822659788e+01
2.006000000000000000e+03 1.534211459126629151e+01 1.774732281528754356e+03 -4.720095049781425445e+01 9.682184323214495514e-01 8.120681137325225345e-16 6.587402945133006972e-14 2.573457342946910900e-14 1.016992780916559758e+00 -5.315947637930962344e+01
2.007000000000000000e+03 1.286910255814902548e+01 1.781134879764007110e+03 -4.719983652916270955e+01 9.578904176755773658e-01 1.459717483035543412e-16 3.430118158537059806e-14 1.483223243019063176e-14 1.022398461713273532e+00 -5.305160457885860126e+01
2.008000000000000000e+03 1.079912896426477964e+01 1.786703893550086150e+03 -4.720276100212250725e+01 9.591344545486728546e-01 -2.252111547943245899e-16 2.162738346574944801e-14 6.609618063909314463e-15 1.008506482031907847e+00 -5.328944622307829349e+01
2.009000000000000000e+03 9.054779003017168648e+00 1.793301499130784350e+03 -4.724553152893917485e+01 9.616374516187246035e-01 -4.046750714609220302e-16 -5.828379284948576591e-14 6.246910063950295495e-15 1.041199269491380086e+00 -5.368045598831405840e+01
2.010000000000000000e+03 7.573400490742788982e+00 1.798656477003959935e+03 -4.729807751760151291e+01 9.776572421835250104e-01 -3.194518906148535221e-16 -1.639409411533679210e-13 -3.608221757089340003e-14 1.020877656937463351e+00 -5.360292610788486201e+01
2.011000000000000000e+03 6.307985376961992685e+00 1.802953352270211326e+03 -4.733190930486741621e+01 9.984007000410053401e-01 4.470756188377810487e-16 1.294107526242731092e-13 -5.856939455841246329e-14 1.067242831558578908e+00 -5.343976392472804804e+01
2.012000000000000000e+03 5.236400844252119491e+00 1.808255958994321418e+03 -4.735171544230820473e+01 1.006773970344385649e+00 5.562741806489622430e-16 2.270002321837184606e-13 1.158745837129884442e-13 1.062323408380172030e+00 -5.331628412314714893e+01
2.013000000000000000e+03 4.356242517774131962e+00 1.813248555576790523e+03 -4.735550040501102131e+01 9.641802929738837458e-01 -1.212587516061152124e-15 -9.395717878987308436e-14 2.836712352758156891e-14 1.039512528128900826e+00 -5.327999798963556088e+01
2.014000000000000000e+03 3.640549209091608951e+00 1.822497176494701080e+03 -4.735337411843232047e+01 9.460183612485761895e-01 -1.092062912649971045e-15 -1.092062912649908622e-13 -7.280419417666327167e-14 1.056980567308554608e+00 -5.310546446647956742e+01
