1.334493773377459149e+02
1.736390468665414119e+03
1.059171078404410812e-02
1.012100670559248350e+00
9.877021006498731825e-01
9.497181850791500679e-01
9.721591913417337860e-01
9.934392116791113114e-01
9.438283215752799604e-01
9.237432381659629321e-01
9.594492846171133182e-01
9.883643703962805560e-01
9.877898864382002042e-01
9.506597900222931719e-01
9.584511392953813935e-01
9.948232338046102408e-01
9.923447760801012985e-01
9.512512899198346528e-01
9.361901153841887258e-01
9.380674005528034654e-01
9.299282160796189523e-01
9.375396170051658595e-01
9.308173053497943439e-01
9.363340445633736575e-01
9.120432913515190698e-01
8.989050656886947710e-01
-4.603812731435175803e-02
-1.348418479131822771e-02
-5.558807966534221046e-02
-6.224891852965447336e-02
-4.427129230650493630e-02
-2.274917068065232181e-02
-1.056799889489407930e-02
-6.064194887715236570e-02
-1.261948523958352497e-01
-1.342257647573891211e-01
-1.876909866100999746e-01
-2.010441420780193222e-01
-1.992594749361348838e-01
-1.527296208940595035e-01
-1.047805244777646055e-01
-6.615218684196409737e-02
-3.357233717816982682e-02
1.138108926681334621e-03
3.676886586299638743e-02
7.178532075375433641e-02
8.781569530692599768e-02
6.179745283238047282e-02
1.832878915117020988e-02
-7.969227153164490374e-02
-1.087019191086391889e-01
4.624518907219780928e-02
7.991024733168398606e-03
-7.022524668118540481e-02
-1.344130166057960762e-02
5.021692991391990546e-02
4.561976285410636323e-02
2.048565903184976916e-02
-2.707079487273416143e-02
-4.768745785284771860e-02
-1.838808031611618293e-02
-1.924359639857648255e-02
-3.017073901449328355e-02
-2.654143591750048395e-02
-3.270539377258806224e-02
-4.615702940802574733e-02
-6.039058987859281802e-02
-6.436957032798511225e-02
-2.025314374490960398e-02
4.869164611190333197e-02
5.721525554458654211e-02
1.832878915117062274e-02
-5.696424633205204868e-02
1.864705561839457475e-03
-6.199482085833527695e-02
8.050931074137661347e-02
-1.289943722232323245e-02
-2.410995469891045323e-02
1.309497344380872869e-02
1.818481534043837194e-02
1.135490561737460997e-02
1.498473635647324656e-03
-2.007873395067339209e-02
-1.171290461789226828e-02
-5.458155928516177915e-04
-1.000052104339495089e-02
-8.354469319960066906e-03
-7.619327895866109986e-03
-1.166770428352964864e-02
-1.528291892412342139e-02
-1.998197946261649413e-02
-1.834485393816569221e-02
3.874206486581255587e-03
2.286951273708329180e-02
1.221919276744680080e-02
1.000000000000038636e+00
1.000000000000055955e+00
1.000000000000071054e+00
1.000000000000073275e+00
1.000000000000067280e+00
1.000000000000067724e+00
1.000000000000053735e+00
1.000000000000007105e+00
9.999999999999510392e-01
9.999999999999148459e-01
9.999999999999126254e-01
9.999999999999334976e-01
9.999999999999626965e-01
9.999999999999984457e-01
1.000000000000040856e+00
1.000000000000082601e+00
1.000000000000123235e+00
1.000000000000164535e+00
1.000000000000199840e+00
1.000000000000223155e+00
1.000000000000222045e+00
1.000000000000195621e+00
1.000000000000152767e+00
1.052527506654741055e-02
1.052808180092896367e-02
1.053161789179453932e-02
1.052754039973849594e-02
1.052780973719616431e-02
1.053252178296751156e-02
1.053000764653168504e-02
1.052692771453759765e-02
1.052688617824906400e-02
1.052673130380493531e-02
1.052722959046606746e-02
1.052803979031394048e-02
1.052554979521136587e-02
1.052563632190771196e-02
1.052763844950968877e-02
1.052869388268123929e-02
1.052577259392895211e-02
1.052141072620217839e-02
1.052183273482775426e-02
1.052357253365182078e-02
1.052486177411755125e-02
1.052552520052037546e-02
1.052797169646941221e-02
