1.286264593056307888e+02
1.732047997886482790e+03
1.059171852799980530e-02
9.787840057959593665e-01
9.642634975505083306e-01
9.728613330758422162e-01
9.856565183421617249e-01
9.889466005556345474e-01
9.576102432386367491e-01
9.141874891744724563e-01
9.516584650670845136e-01
9.734117235268642254e-01
9.940958340495931189e-01
9.640071446697278112e-01
9.630246604041454717e-01
9.975554861343559621e-01
9.751236063374536522e-01
9.664808564837368277e-01
9.207438108764380846e-01
9.351792435300178008e-01
9.567160951925548495e-01
9.294954507408271782e-01
9.133064372528393315e-01
9.438472829875909076e-01
9.099939381518310499e-01
8.906988008011301750e-01
-2.064555981075768404e-02
2.123995008242051535e-02
-3.633229096795922985e-02
-4.234416405211628015e-02
-3.631000910561486134e-02
-5.103685432559937341e-02
-6.293279735040174794e-02
-1.038646104506882745e-01
-1.449255438283591213e-01
-1.156756054200928641e-01
-1.580035617200533093e-01
-1.482033282857134759e-01
-1.019692840737163597e-01
-5.951090287911445925e-02
-1.515215503662647838e-02
1.343793514733053820e-02
2.494716878677726013e-02
2.594175286973311734e-02
3.508443758114893063e-02
7.216663874637378739e-02
7.820017411246799055e-02
7.836112347598327837e-03
-1.799128000899371735e-02
-1.058487799840177462e-01
-8.753835910887280969e-02
-7.326428743430354884e-02
3.255929864189489875e-02
-1.472653653582028932e-02
4.747584057402769175e-03
4.675971061673755980e-02
1.765871337979465702e-02
-2.072018855002162943e-02
-2.002481369189045707e-02
-3.036171142046698024e-02
-2.981615557519802853e-02
-4.338924572040832317e-02
-4.814649675700029274e-02
-2.870437514720361113e-02
-8.576882775149693647e-03
3.709569213665916141e-04
-3.804192603234946013e-02
-7.725720446755375559e-02
3.293708259783161701e-02
9.947988270384108822e-02
1.233393234984707550e-02
-1.799128000899414756e-02
-8.834236531446879037e-02
8.641135667459188055e-03
-5.587928714842119171e-02
6.102864115622209235e-03
2.677161350397829192e-03
-8.881883013039486297e-03
1.041345579011395718e-02
1.852089510309030615e-02
-6.266389551090903627e-03
-4.912293745847754085e-03
-8.667697922803457161e-03
-1.157344302417384618e-02
-8.303994025957625244e-03
-1.678973115454513582e-02
-1.264568407183891234e-02
-5.294935442505318592e-03
-3.479404320539134583e-04
4.761960370389561230e-04
-2.066998404688510232e-02
-2.466785514519212463e-02
3.730072816832827320e-02
2.321535490739079499e-02
-1.199418667266238282e-02
1.000000000000017764e+00
1.000000000000031086e+00
1.000000000000039302e+00
1.000000000000043299e+00
1.000000000000040634e+00
1.000000000000035083e+00
1.000000000000023315e+00
9.999999999999912292e-01
9.999999999999645839e-01
9.999999999999673594e-01
1.000000000000002442e+00
1.000000000000051070e+00
1.000000000000101474e+00
1.000000000000156319e+00
1.000000000000206501e+00
1.000000000000248024e+00
1.000000000000268896e+00
1.000000000000278444e+00
1.000000000000287548e+00
1.000000000000286882e+00
1.000000000000255573e+00
1.000000000000196732e+00
1.000000000000138778e+00
1.052628341172564923e-02
1.052822989415084370e-02
1.053111683361740783e-02
1.052729628954874284e-02
1.052784429684210966e-02
1.053237123871614798e-02
1.053001813652886497e-02
1.052732077061878380e-02
1.052729076568657655e-02
1.052675100433244151e-02
1.052693273717841653e-02
1.052782778948268931e-02
1.052566446492180820e-02
1.052584954956790886e-02
1.052753890010731629e-02
1.052863336341516853e-02
1.052566673732726471e-02
1.052118457114335597e-02
1.052194695802337147e-02
1.052373210673489094e-02
1.052483973813842302e-02
1.052554333337186142e-02
1.052804734556377596e-02
