1.992000000000000000e+03 1.300265392996597882e+02 1.734157726963571122e+03 -4.735418262390267330e+01 9.687034667030660628e-01 -2.528816434320487957e-02 -8.304902489150971234e-02 -1.715352802957766376e-01 1.000000000099797282e+00 -5.329401499475427784e+01
1.993000000000000000e+03 1.257409566158996199e+02 1.739878775946933956e+03 -4.734563971323701992e+01 9.719435354437442331e-01 4.156583625381901625e-02 -9.436641869232646751e-02 5.646970387086022031e-02 1.000000000118504984e+00 -5.309804967829523292e+01
1.994000000000000000e+03 1.149412202947427062e+02 1.745504058513694872e+03 -4.731288255939269760e+01 9.625584292119689911e-01 -7.663778213283789498e-02 -7.698053367879753583e-02 -9.956569323524461224e-02 1.000000000129640298e+00 -5.286821303384859050e+01
1.995000000000000000e+03 1.031948083413072794e+02 1.748032492736355152e+03 -4.728342512505378892e+01 1.000316471950924546e+00 -1.071223846594094274e-02 5.188338638370416228e-02 4.184434243144224963e-02 1.000000000134399603e+00 -5.320283799782720990e+01
1.996000000000000000e+03 8.985659090869299348e+01 1.750036845657051117e+03 -4.727176007816347436e+01 9.670385181521815587e-01 -4.275315948645470876e-02 -8.237776396816343105e-02 -1.244857278714314687e-03 1.000000000132122535e+00 -5.314960505607035657e+01
1.997000000000000000e+03 7.622475658494668949e+01 1.752969172283792432e+03 -4.723684194433108985e+01 9.854436356510917205e-01 -4.192066493224898271e-02 -1.245345864119932859e-03 -3.815355987916032449e-02 1.000000000124510624e+00 -5.275408035167738774e+01
1.998000000000000000e+03 6.417297566125000685e+01 1.762861984410455307e+03 -4.720906304894811711e+01 8.836011571003893339e-01 -2.631027273560187715e-02 1.358184586344433620e-01 3.226253888910256273e-02 1.000000000111901599e+00 -5.294917054365632936e+01
1.999000000000000000e+03 5.384604880960856832e+01 1.772044249641975057e+03 -4.720625798346589619e+01 9.767418236308242907e-01 -1.143333596243102379e-01 2.223200794548316206e-02 5.199766782596004777e-02 1.000000000090206287e+00 -5.320898938398354971e+01
2.000000000000000000e+03 4.508677743922846304e+01 1.773918613471649905e+03 -4.720444224673580891e+01 9.601326151520720442e-01 -1.606707085301976035e-01 -5.783216300432281187e-02 -3.452087711023497235e-02 1.000000000069516171e+00 -5.323041925817262410e+01
2.001000000000000000e+03 3.766676361853036070e+01 1.773731555431533252e+03 -4.720140929376892558e+01 9.972759674544739994e-01 -1.004208257655779396e-01 -2.518135065870210146e-02 -2.625614229927662486e-03 1.000000000060360383e+00 -5.326449372708275121e+01
2.002000000000000000e+03 3.130798648895025593e+01 1.772697303752194784e+03 -4.719726010096147917e+01 9.717107357839341875e-01 -2.140404517778566051e-01 -3.898331588308651813e-02 -1.454818795430680781e-02 1.000000000060830452e+00 -5.322825870376357216e+01
2.003000000000000000e+03 2.618537462922541792e+01 1.776363639419071887e+03 -4.719696951761243042e+01 9.435789819074595908e-01 -1.764946184394366735e-01 -1.351803898056576358e-02 -1.144068930108398108e-02 1.000000000067160277e+00 -5.316140142295378013e+01
2.004000000000000000e+03 2.182720711147367965e+01 1.774575566207735164e+03 -4.719241684027386441e+01 1.028345636762322490e+00 -6.067796772179491482e-02 -4.808518013519856582e-02 2.428663314039940929e-03 1.000000000075536466e+00 -5.335409616817254630e+01
2.005000000000000000e+03 1.821913625438036632e+01 1.774136735151882704e+03 -4.720205013525269067e+01 9.340735802784303488e-01 -3.300171192031853273e-02 -7.205241522664615483e-02 -2.807664961519685393e-02 1.000000000084733998e+00 -5.334125908068154587e+01
2.006000000000000000e+03 1.522326393806083189e+01 1.774630290240682598e+03 -4.720135152632676068e+01 1.014111342631785595e+00 2.481169693669835544e-02 -3.145041777568291508e-02 -1.648728623980262251e-02 1.000000000093462571e+00 -5.317661160487585903e+01
2.007000000000000000e+03 1.273626427299850050e+01 1.780792371755664362e+03 -4.719823374027609475e+01 8.721217787928923215e-01 5.230811068430144678e-02 7.185124937335468122e-03 -3.654458612199395964e-03 1.000000000100205400e+00 -5.307899970048502070e+01
2.008000000000000000e+03 1.067564480964308160e+01 1.788885194253031614e+03 -4.720742489469454028e+01 9.782126196720039024e-01 5.294371506007267830e-02 7.934934537660502663e-02 6.946316727283707339e-03 1.000000000102347020e+00 -5.335846333797545071e+01
2.009000000000000000e+03 8.912885128849564964e+00 1.792334415936729101e+03 -4.724419748318675261e+01 9.196340340807532820e-01 2.163076544046170849e-02 -4.439754842712478194e-02 3.676259748569490199e-02 1.000000000101711306e+00 -5.375615065961858363e+01
2.010000000000000000e+03 7.479616919678721665e+00 1.796443497631204082e+03 -4.729565438455507831e+01 9.639167242793831303e-01 -1.353997220270956436e-03 -2.768591168346315468e-01 -5.308877048302274027e-02 1.000000000099692476e+00 -5.370617975725866700e+01
2.011000000000000000e+03 6.284470914493003768e+00 1.803427269143216108e+03 -4.733461565412299876e+01 8.841194234015048448e-01 1.228408174449966694e-01 6.629896430800896745e-02 -1.051871792587149718e-01 1.000000000097396091e+00 -5.353475877009628192e+01
2.012000000000000000e+03 5.225793780896133001e+00 1.809320459829605625e+03 -4.734970832351270786e+01 9.642799087637989874e-01 1.876717430386811436e-01 3.006895831547151121e-01 1.195091910379120909e-01 1.000000000084939833e+00 -5.342335125975372989e+01
2.013000000000000000e+03 4.348491483259842028e+00 1.814005083742758188e+03 -4.735132378988926405e+01 8.941046298908361667e-01 -2.643206221376563289e-02 -5.836612298424932038e-03 6.476042485218644340e-02 1.000000000056291638e+00 -5.335971363374625298e+01
2.014000000000000000e+03 3.685776261972950163e+00 1.823340727856206968e+03 -4.734469649380268663e+01 9.036960636497384236e-01 -8.238179966136223442e-02 -8.238179966136348342e-02 -5.492119977424293059e-02 1.000000000030704772e+00 -5.313933561450134846e+01
