1.992000000000000000e+03 1.296782444069739881e+02 1.734373851637338248e+03 -4.735240108763017020e+01 9.787840057959593665e-01 -2.064555981075768404e-02 -1.058487799840177462e-01 -8.834236531446879037e-02 1.000000000000017764e+00 -5.329932705292084449e+01
1.993000000000000000e+03 1.257831858072368476e+02 1.739904798199901734e+03 -4.734546995557398219e+01 9.642634975505083306e-01 2.123995008242051535e-02 -8.753835910887280969e-02 8.641135667459188055e-03 1.000000000000031086e+00 -5.312240388560363158e+01
1.994000000000000000e+03 1.149982344423931124e+02 1.745272546467966549e+03 -4.731300651664916046e+01 9.728613330758422162e-01 -3.633229096795922985e-02 -7.326428743430354884e-02 -5.587928714842119171e-02 1.000000000000039302e+00 -5.285999773043270977e+01
1.995000000000000000e+03 1.030866177772371657e+02 1.748240344305749886e+03 -4.728435700416888920e+01 9.856565183421617249e-01 -4.234416405211628015e-02 3.255929864189489875e-02 6.102864115622209235e-03 1.000000000000043299e+00 -5.320726283432619397e+01
1.996000000000000000e+03 8.993894070015585385e+01 1.749542463983169682e+03 -4.727168451293084672e+01 9.889466005556345474e-01 -3.631000910561486134e-02 -1.472653653582028932e-02 2.677161350397829192e-03 1.000000000000040634e+00 -5.315745234219659920e+01
1.997000000000000000e+03 7.620338988026580296e+01 1.753124312075844045e+03 -4.723833140991118285e+01 9.576102432386367491e-01 -5.103685432559937341e-02 4.747584057402769175e-03 -8.881883013039486297e-03 1.000000000000035083e+00 -5.274597906101130462e+01
1.998000000000000000e+03 6.417490653905663578e+01 1.762651435219278255e+03 -4.720952071317441323e+01 9.141874891744724563e-01 -6.293279735040174794e-02 4.675971061673755980e-02 1.041345579011395718e-02 1.000000000000023315e+00 -5.295986314260592565e+01
1.999000000000000000e+03 5.389941241280994433e+01 1.771497596922070443e+03 -4.720671571005474476e+01 9.516584650670845136e-01 -1.038646104506882745e-01 1.765871337979465702e-02 1.852089510309030615e-02 9.999999999999912292e-01 -5.320503765682171604e+01
2.000000000000000000e+03 4.512997666225588489e+01 1.774365430757735567e+03 -4.720511000728733109e+01 9.734117235268642254e-01 -1.449255438283591213e-01 -2.072018855002162943e-02 -6.266389551090903627e-03 9.999999999999645839e-01 -5.320776491913847650e+01
2.001000000000000000e+03 3.762168562407743622e+01 1.773298769769336786e+03 -4.719866661410798514e+01 9.940958340495931189e-01 -1.156756054200928641e-01 -2.002481369189045707e-02 -4.912293745847754085e-03 9.999999999999673594e-01 -5.325682585163082905e+01
2.002000000000000000e+03 3.130105613337798687e+01 1.773249221174736249e+03 -4.719707328653155542e+01 9.640071446697278112e-01 -1.580035617200533093e-01 -3.036171142046698024e-02 -8.667697922803457161e-03 1.000000000000002442e+00 -5.324030747810603970e+01
2.003000000000000000e+03 2.614382471670793961e+01 1.775800031021440873e+03 -4.719494539352497497e+01 9.630246604041454717e-01 -1.482033282857134759e-01 -2.981615557519802853e-02 -1.157344302417384618e-02 1.000000000000051070e+00 -5.315895276043569595e+01
2.004000000000000000e+03 2.181855403248440695e+01 1.775137096606297519e+03 -4.719309324328446564e+01 9.975554861343559621e-01 -1.019692840737163597e-01 -4.338924572040832317e-02 -8.303994025957625244e-03 1.000000000000101474e+00 -5.335558532867035098e+01
2.005000000000000000e+03 1.819713971162928701e+01 1.773624201129173116e+03 -4.720002126668831721e+01 9.751236063374536522e-01 -5.951090287911445925e-02 -4.814649675700029274e-02 -1.678973115454513582e-02 1.000000000000156319e+00 -5.333876233446943615e+01
2.006000000000000000e+03 1.520429388052473385e+01 1.774904583075632445e+03 -4.720199468259600195e+01 9.664808564837368277e-01 -1.515215503662647838e-02 -2.870437514720361113e-02 -1.264568407183891234e-02 1.000000000000206501e+00 -5.318521103367535119e+01
2.007000000000000000e+03 1.273712916316509158e+01 1.780763886540198655e+03 -4.719850054879925949e+01 9.207438108764380846e-01 1.343793514733053820e-02 -8.576882775149693647e-03 -5.294935442505318592e-03 1.000000000000248024e+00 -5.308573094740120979e+01
2.008000000000000000e+03 1.068591832748416515e+01 1.788559211358832272e+03 -4.720781424548204086e+01 9.351792435300178008e-01 2.494716878677726013e-02 3.709569213665916141e-04 -3.479404320539134583e-04 1.000000000000268896e+00 -5.335537878178720206e+01
2.009000000000000000e+03 8.934652266546011745e+00 1.792402261825213600e+03 -4.724505033558968137e+01 9.567160951925548495e-01 2.594175286973311734e-02 -3.804192603234946013e-02 4.761960370389561230e-04 1.000000000000278444e+00 -5.376277670476559223e+01
2.010000000000000000e+03 7.473178706001605498e+00 1.796412398915027097e+03 -4.729631720419591545e+01 9.294954507408271782e-01 3.508443758114893063e-02 -7.725720446755375559e-02 -2.066998404688510232e-02 1.000000000000287548e+00 -5.369348126790540476e+01
2.011000000000000000e+03 6.264345309715145582e+00 1.803728810740730978e+03 -4.733455978684897048e+01 9.133064372528393315e-01 7.216663874637378739e-02 3.293708259783161701e-02 -2.466785514519212463e-02 1.000000000000286882e+00 -5.353122378216357191e+01
2.012000000000000000e+03 5.228865444905637538e+00 1.808924607657171464e+03 -4.734880017194220869e+01 9.438472829875909076e-01 7.820017411246799055e-02 9.947988270384108822e-02 3.730072816832827320e-02 1.000000000000255573e+00 -5.343054756906651193e+01
2.013000000000000000e+03 4.369582607823434550e+00 1.813977693561525712e+03 -4.735183264743048426e+01 9.099939381518310499e-01 7.836112347598327837e-03 1.233393234984707550e-02 2.321535490739079499e-02 1.000000000000196732e+00 -5.336659539770938210e+01
2.014000000000000000e+03 3.683654296132896189e+00 1.823119690406738755e+03 -4.734529461955560947e+01 8.906988008011301750e-01 -1.799128000899371735e-02 -1.799128000899414756e-02 -1.199418667266238282e-02 1.000000000000138778e+00 -5.313899644835740332e+01
