1.312862120079407191e+02
1.731192643273039721e+03
1.059171817318045258e-02
9.737405163546400955e-01
9.678485342271578862e-01
1.001426271826357794e+00
1.044836100550348590e+00
1.012280971734029533e+00
9.449825524236969976e-01
9.347345202810827258e-01
9.591254306790210071e-01
9.632148349457372305e-01
9.853650940176447159e-01
9.790450185497164837e-01
9.797532685969017052e-01
9.991546821983137150e-01
9.906472154166450217e-01
9.900093164667146395e-01
9.785286630645839701e-01
9.810170758504946908e-01
9.582008914810231648e-01
9.405844924179828093e-01
9.732367806907763486e-01
1.003642281075629361e+00
9.188891040607919392e-01
8.769560212271826360e-01
5.015923610654568188e-15
2.815136173132624760e-15
6.819803451385319693e-15
1.322701144036484903e-14
1.369869697760778253e-15
-3.955370611817721111e-16
7.931405435101068877e-17
2.124794116063384164e-16
1.301105914477951871e-15
1.991879847315387185e-15
2.834303850082441706e-16
2.145190898497733812e-15
5.793593976478726484e-15
4.136851605932435037e-15
3.001139453246055923e-15
2.296836458200817631e-15
1.933201494316355848e-15
5.115690388266066016e-16
-1.089580970689170649e-15
4.823463450248328541e-16
1.498599410121886546e-15
-2.623648044772240771e-15
-2.585881191238506402e-15
-2.537981622331195341e-13
-1.271248667946802677e-12
-4.677331601590741966e-13
1.609794392989698901e-12
1.685170994514363905e-13
-5.160950092662431311e-14
4.960115202322963659e-14
-7.791385350547720314e-14
-2.920068026413094130e-14
7.202786617691132494e-14
-7.435145234569428242e-14
-3.403352348747168447e-14
9.612625296272531470e-14
5.954642001920427932e-14
-1.215784135331408287e-14
2.631799739025167914e-14
2.743127901113952221e-13
9.786822618460659847e-14
-4.173787254418858061e-13
2.122825834146498042e-13
5.494607959997530640e-13
-1.977177746962582518e-13
-2.585881191238237763e-13
2.746689621962023062e-13
-2.157634374929786298e-13
-5.268793606529094364e-13
1.865243327019570844e-13
1.521318245605715555e-13
-2.828239040945783559e-14
-5.293578315642627226e-15
3.422404100781244580e-14
-8.001185215351927327e-14
3.940781371311972736e-14
8.845602749197817899e-15
-5.841323764632836030e-14
3.572422198801790509e-14
2.308951408981283172e-14
1.371973416826761671e-14
-1.780457404873080384e-14
2.907814818957863598e-14
1.230376361744411732e-13
-4.623372164106070977e-14
-1.856150095895095995e-13
2.617093854927272480e-13
8.367824947233483044e-14
-1.723920794158833506e-13
9.994339528653494176e-01
1.004494648553224234e+00
1.022956364001926355e+00
1.048065911421300234e+00
1.031419390347441123e+00
9.688014012325026902e-01
1.043051116023753888e+00
9.855460091080787688e-01
1.001366929765959535e+00
9.884909644226439474e-01
1.010865293015491995e+00
1.023141057831154166e+00
9.860552630950262243e-01
1.035425558608126906e+00
9.935471359369357769e-01
1.076511416777468755e+00
1.019566010878433238e+00
1.015349964893792478e+00
1.000014874306027535e+00
1.052479646303112748e+00
1.063141578716130020e+00
9.969434417399378745e-01
9.962899655552270861e-01
1.052647182199802078e-02
1.052864446752317489e-02
1.053169247973027335e-02
1.052796256191652555e-02
1.052834399772676309e-02
1.053249767076332340e-02
1.053021302516607416e-02
1.052722718581162314e-02
1.052701961381533394e-02
1.052662331012955109e-02
1.052708785571428336e-02
1.052811524831891339e-02
1.052595010145772510e-02
1.052617398246475343e-02
1.052828654981499863e-02
1.052973320221658321e-02
1.052648150729960930e-02
1.052158787204850697e-02
1.052239429320192890e-02
1.052439584560150437e-02
1.052553467224192837e-02
1.052581972777824268e-02
1.052801194731805765e-02
