1.363465170701576312e+02
1.733765381505595087e+03
1.059172282381044654e-02
1.052272704939049008e+00
9.267047463876537661e-01
9.715943480412830846e-01
1.092455821251907766e+00
9.150545022208845802e-01
9.493849737116087928e-01
9.828442248015331062e-01
9.783880275907819168e-01
9.939465207879389919e-01
1.029049160776130067e+00
9.232338314508268251e-01
1.014139115363645205e+00
1.016370951510134013e+00
9.819121443010588868e-01
9.758207098148433678e-01
9.505664236007183021e-01
9.501274408773235924e-01
9.687867253796820233e-01
9.753564890030559376e-01
9.844548275301799878e-01
1.040185328662733166e+00
9.534803872718430329e-01
9.287656028638199279e-01
1.671357001786979829e-11
3.626614466400260475e-13
1.007085154628360123e-11
1.486109570894414250e-11
7.433430995393066585e-13
1.852243119956029509e-12
2.538520720864030280e-12
3.163701928401186379e-12
4.557045376826525067e-12
3.470853292781683292e-12
2.410490249595891478e-12
4.886918983589340644e-12
5.261865990052490933e-12
3.310176290038080738e-12
2.536341237739345177e-12
1.136045798869356780e-12
-5.186004095313466936e-13
-1.878626965901182408e-12
-1.571095959938464518e-12
-6.707296354799117554e-13
-1.438035043158721435e-15
-1.628652154088497456e-12
-1.266832709177626561e-12
4.006879131373645418e-12
-1.590708422424771733e-11
9.223877895300198131e-12
9.123764540952124069e-12
-1.292866231474961995e-12
5.091368247597168299e-13
4.485949808011621341e-13
-6.122334833419859120e-13
1.727503893965646840e-12
-8.768620286384983875e-14
-8.763026541902633562e-13
1.661483849444068698e-12
8.527264223348679889e-13
5.402899244149551761e-13
1.667286769220353970e-12
2.642505403839042144e-12
1.326156767945479035e-12
-5.610901922284562901e-13
-2.087529515099216169e-12
7.603006955620584815e-13
2.042050586166746920e-12
-1.311943976794075619e-12
-1.266832709177455915e-12
1.225813470947202488e-11
-4.660168858845817435e-12
-4.957869113561244907e-12
9.633473428814940127e-12
-6.092609612240681710e-13
-1.795944786236315619e-13
4.486435669772792307e-13
-1.334490433951747119e-13
-2.550847112970618947e-13
9.156386812634246911e-13
-1.000662408471651903e-12
4.164606390108855150e-13
6.911952606189711071e-13
-9.990628383699545019e-14
3.800822508202905054e-13
5.967028979416237808e-13
9.582796118637632181e-13
-5.934007991968979550e-14
-2.517760385860983408e-13
-9.119282438500663658e-13
1.135036299379905006e-12
1.810646064521581619e-13
-8.445551394518695846e-13
1.055065987302978847e+00
9.321939543526189809e-01
1.030361058726974477e+00
1.095302797567025088e+00
9.433650592050970562e-01
9.860237432217923148e-01
1.080378021507493624e+00
9.843175728062549812e-01
1.036782004026965520e+00
1.001473038985978059e+00
1.005600392086649641e+00
1.022037615336977456e+00
1.044359119052064466e+00
9.674664124666085829e-01
1.039333156890948517e+00
1.001809201880969669e+00
1.014012107294141929e+00
1.034414748798120565e+00
1.031271621725653009e+00
1.044246016302034619e+00
1.100617581024543989e+00
1.022599240578035973e+00
1.048339360386687069e+00
1.052608282578533158e-02
1.052791078996159410e-02
1.053216035280899777e-02
1.052841945853373248e-02
1.052796991922219823e-02
1.053246181535281815e-02
1.053033475556398174e-02
1.052737716644360638e-02
1.052731840294097304e-02
1.052708166533861817e-02
1.052753006188708942e-02
1.052865560968361223e-02
1.052592639072280449e-02
1.052600523639409501e-02
1.052781317815510743e-02
1.052889422440396808e-02
1.052622527790300980e-02
1.052211770591187680e-02
1.052278626051855910e-02
1.052482753206263923e-02
1.052616981554753244e-02
1.052662327962108901e-02
1.052839062613816594e-02
