1.992000000000000000e+03 1.304276739462241039e+02 1.733980425158265234e+03 -4.736098678119360272e+01 9.519563320758867020e-01 5.759268500151429687e-12 -1.434911771139828433e-11 -2.959698839608350232e-12 1.026195743852724274e+00 -5.321452702587792061e+01
1.993000000000000000e+03 1.253844258364598403e+02 1.739975422889902347e+03 -4.734557148851958885e+01 9.701341153597567990e-01 8.644781202791405928e-12 -8.095488206421853482e-12 -3.211351176214830158e-12 9.624244416097129662e-01 -5.309005550541867535e+01
1.994000000000000000e+03 1.150300308012040205e+02 1.745427004837495133e+03 -4.731111053292669055e+01 9.918398741994952639e-01 1.324863679263081690e-11 -7.747345475487879057e-14 -1.822865414910890257e-12 1.057643902238199374e+00 -5.281648746532196981e+01
1.995000000000000000e+03 1.031540511615169322e+02 1.748081896980581860e+03 -4.728267144244002651e+01 1.057053905858505560e+00 1.718487304394429414e-11 7.574044320487930474e-12 1.536218655856850428e-12 1.017913177899145927e+00 -5.313484914203503706e+01
1.996000000000000000e+03 8.986538013788543822e+01 1.750017086905934548e+03 -4.727542944215645804e+01 1.016515796480007339e+00 2.431974466712608249e-12 1.411761945252925120e-12 6.027720323120274339e-13 1.070170576658318495e+00 -5.310390855413726996e+01
1.997000000000000000e+03 7.621730520169646184e+01 1.752997407460294880e+03 -4.723824439937484954e+01 9.367640026084247395e-01 1.278260129959590896e-12 3.374207118109682407e-13 2.405512442596072557e-13 9.321378836870195528e-01 -5.274886475953000087e+01
1.998000000000000000e+03 6.419762344532817622e+01 1.762553296068210557e+03 -4.720890090743956335e+01 9.303207189322735271e-01 1.371008591811028895e-12 1.123397401066903201e-12 -1.348829246862070280e-14 1.061942171020447967e+00 -5.292920907173404288e+01
1.999000000000000000e+03 5.378513328919621728e+01 1.772432592242599412e+03 -4.721123545821925660e+01 9.789135956523046245e-01 1.861339855461729532e-12 -5.554743615141726174e-13 6.801981399938346431e-13 9.874255414008206166e-01 -5.320950735983232249e+01
2.000000000000000000e+03 4.510941925464498325e+01 1.773577242845617548e+03 -4.720309647078679660e+01 9.268462157604966389e-01 3.530154534633215001e-12 -2.919299229819619763e-14 -9.754776395030160852e-13 9.784208190513095094e-01 -5.322792770566564258e+01
2.001000000000000000e+03 3.766637583020889224e+01 1.773875809749308473e+03 -4.720105488271831007e+01 1.025740886858943268e+00 4.301685536343960032e-12 7.227372448384109874e-13 6.222587036103319420e-13 1.022160330900923064e+00 -5.326131279965906629e+01
2.002000000000000000e+03 3.131375115096772888e+01 1.772589698495148468e+03 -4.719691136462189718e+01 9.582629541672993412e-01 2.503684709599726235e-12 -6.577533177286591321e-13 -1.442638884556894676e-13 9.883338037680735599e-01 -5.321686898467159210e+01
2.003000000000000000e+03 2.618712692281268062e+01 1.776484963012195067e+03 -4.719706028796644404e+01 9.697086700666657233e-01 4.907030594472908280e-12 7.901826260117985730e-13 -2.942383233632505515e-13 1.024740667495356083e+00 -5.314223704984355834e+01
2.004000000000000000e+03 2.182621139054449699e+01 1.774467841827748316e+03 -4.719119237963709423e+01 1.025983754650257040e+00 8.165048320668549170e-12 3.452041832436736242e-14 8.210267407047186459e-13 9.937196647857667875e-01 -5.332145449540903570e+01
2.005000000000000000e+03 1.821862390984023605e+01 1.774285545381940437e+03 -4.720228361678591256e+01 9.723127635349613218e-01 5.794719602266721197e-12 -1.848951625982735998e-13 -6.497098037251572510e-13 1.039353692378414129e+00 -5.330713472734527159e+01
2.006000000000000000e+03 1.523079910976871787e+01 1.774545087190820141e+03 -4.719927018409686070e+01 1.005549390096867723e+00 5.337255017486760274e-12 1.609853884395202081e-12 4.348904729506151992e-13 9.843372508325559656e-01 -5.312481057783246996e+01
2.007000000000000000e+03 1.273382707984629292e+01 1.780885558880000644e+03 -4.719839443786177924e+01 9.601646515457141762e-01 3.460131299812578223e-12 1.926262593505516830e-12 5.207554986674677929e-13 1.085517256505032835e+00 -5.301201632060992353e+01
2.008000000000000000e+03 1.067386563690241985e+01 1.788856619434433924e+03 -4.720562281423323725e+01 9.730696614233718122e-01 1.720623491991559613e-12 4.328160142658371088e-12 6.279741572117921152e-13 9.855008902963373618e-01 -5.326021718802797977e+01
2.009000000000000000e+03 8.907443617194292784e+00 1.792382765681176807e+03 -4.724865873352590739e+01 1.006940112950666988e+00 -5.157975355704080329e-13 2.051777934959122482e-12 1.805972750314692948e-12 1.086165526497439027e+00 -5.374655431866393229e+01
2.010000000000000000e+03 7.469452364431849567e+00 1.796591783143589510e+03 -4.729970889567114511e+01 9.042763701418480293e-01 -2.882105423695468228e-12 -5.509737709451858627e-12 -3.504966349402391564e-13 9.393015781982847479e-01 -5.364872046619639434e+01
2.011000000000000000e+03 6.306575177389659004e+00 1.803101890965327129e+03 -4.732687810450264720e+01 9.174197480962766882e-01 -8.819829100920975419e-13 1.280703332093786718e-12 -2.658129470422185594e-12 1.032951125500315870e+00 -5.347490520861320107e+01
2.012000000000000000e+03 5.228200240084383665e+00 1.809358101968469782e+03 -4.735457271619736019e+01 1.107971491917803641e+00 1.243929660353372948e-12 5.778951459067785466e-12 2.809545353454385423e-12 1.125736754967982645e+00 -5.332447433371989831e+01
2.013000000000000000e+03 4.338156200999466527e+00 1.814391259926398334e+03 -4.736338485481739013e+01 8.890802913519678663e-01 -3.111446892933388214e-12 -2.384254620259705293e-12 8.344711620724367252e-13 9.993900683903087501e-01 -5.331545050659070029e+01
2.014000000000000000e+03 3.687202746070856740e+00 1.823217068492178214e+03 -4.734311742854679750e+01 8.252711443453896178e-01 -2.908769090694624651e-12 -2.908769090694725625e-12 -1.939179393796333904e-12 9.224062319682273525e-01 -5.313866974724512460e+01
