1.355570044520901547e+02
1.736058304748601131e+03
1.059171052281332633e-02
9.862469424803596008e-01
9.602665073007642382e-01
9.986024530045718439e-01
1.033572482883187149e+00
9.584771201100608096e-01
9.367613904463237828e-01
9.787755064964386298e-01
9.850976711482876125e-01
9.976740207619148038e-01
9.985755476686063448e-01
9.693792503608539279e-01
9.911177306044390845e-01
1.007890193846860960e+00
9.906993450301114779e-01
9.682184323214495514e-01
9.578904176755773658e-01
9.591344545486728546e-01
9.616374516187246035e-01
9.776572421835250104e-01
9.984007000410053401e-01
1.006773970344385649e+00
9.641802929738837458e-01
9.460183612485761895e-01
8.943403392898573468e-15
-2.642111556548085459e-15
3.697252868534252412e-15
1.003252205819706431e-14
-7.272826593677988548e-16
4.576492652013922307e-16
1.452552233311227181e-15
7.821459065292769221e-16
2.503935577869797704e-15
1.597722997893052223e-15
-2.322676122419112778e-18
1.909807809469544847e-15
3.493410654834384946e-15
1.717339479643982647e-15
8.120681137325225345e-16
1.459717483035543412e-16
-2.252111547943245899e-16
-4.046750714609220302e-16
-3.194518906148535221e-16
4.470756188377810487e-16
5.562741806489622430e-16
-1.212587516061152124e-15
-1.092062912649971045e-15
7.208679600114545640e-13
-1.811399261795049575e-12
7.554163905360384646e-13
1.458829488014033238e-12
-1.907982610873204486e-13
5.209924506949801190e-14
1.085072728742720668e-14
-1.632551675852496917e-13
1.658819750402326131e-13
5.097153083877398238e-14
-1.524305465030733134e-13
4.592461053421744890e-14
1.672238458990699501e-13
9.190428865118687058e-14
6.587402945133006972e-14
3.430118158537059806e-14
2.162738346574944801e-14
-5.828379284948576591e-14
-1.639409411533679210e-13
1.294107526242731092e-13
2.270002321837184606e-13
-9.395717878987308436e-14
-1.092062912649908622e-13
1.097716113927673216e-12
-2.999895952638698536e-13
-7.569636317791572058e-13
1.093326656783575152e-12
-2.072188977001101684e-14
-7.568843501606033853e-14
9.544889013868864885e-14
-7.870168183513354410e-14
-2.798258965826099898e-14
9.019386409480176034e-14
-5.774592108660031951e-14
-4.387444324877549230e-14
7.449085027157729884e-14
3.011714740548651929e-14
2.573457342946910900e-14
1.483223243019063176e-14
6.609618063909314463e-15
6.246910063950295495e-15
-3.608221757089340003e-14
-5.856939455841246329e-14
1.158745837129884442e-13
2.836712352758156891e-14
-7.280419417666327167e-14
9.781302570059334789e-01
9.808547991942323518e-01
1.033756180280859915e+00
1.064311574017554385e+00
9.602155071313632773e-01
9.962009907473330372e-01
1.056742688584107137e+00
1.008699755273153142e+00
1.022422715831165618e+00
9.930959797439076198e-01
1.026683489430848306e+00
1.021469633542858135e+00
1.017891120547154360e+00
9.926936927177442138e-01
1.016992780916559758e+00
1.022398461713273532e+00
1.008506482031907847e+00
1.041199269491380086e+00
1.020877656937463351e+00
1.067242831558578908e+00
1.062323408380172030e+00
1.039512528128900826e+00
1.056980567308554608e+00
1.052507583019812037e-02
1.052772280642220656e-02
1.053231842942723047e-02
1.052806664151907656e-02
1.052781780241525064e-02
1.053262440094012223e-02
1.053038563112279613e-02
1.052739795655903768e-02
1.052733673641511117e-02
1.052705669859402109e-02
1.052758464105343558e-02
1.052867714301455523e-02
1.052582956108360883e-02
1.052582570041447549e-02
1.052782202871217938e-02
1.052900881546907710e-02
1.052639211935081989e-02
1.052209026173324749e-02
1.052294324214162087e-02
1.052473834065572635e-02
1.052609685215387218e-02
1.052649606758343168e-02
1.052841625872392300e-02
