1.992000000000000000e+03 1.343164770440413918e+02 1.735307117651572980e+03 -4.735845591403009536e+01 1.052272704939049008e+00 1.671357001786979829e-11 4.006879131373645418e-12 1.225813470947202488e-11 1.055065987302978847e+00 -5.331755902995516294e+01
1.993000000000000000e+03 1.280028680734427553e+02 1.736408527329540220e+03 -4.734319359125627358e+01 9.267047463876537661e-01 3.626614466400260475e-13 -1.590708422424771733e-11 -4.660168858845817435e-12 9.321939543526189809e-01 -5.315140852288647011e+01
1.994000000000000000e+03 1.177774519591455800e+02 1.741841407979314226e+03 -4.730330558503725769e+01 9.715943480412830846e-01 1.007085154628360123e-11 9.223877895300198131e-12 -4.957869113561244907e-12 1.030361058726974477e+00 -5.276514747472038636e+01
1.995000000000000000e+03 1.052429162903923867e+02 1.748717054464219927e+03 -4.728675688795747334e+01 1.092455821251907766e+00 1.486109570894414250e-11 9.123764540952124069e-12 9.633473428814940127e-12 1.095302797567025088e+00 -5.310517362295185961e+01
1.996000000000000000e+03 9.205376072218146533e+01 1.751038383416321949e+03 -4.727338155169369571e+01 9.150545022208845802e-01 7.433430995393066585e-13 -1.292866231474961995e-12 -6.092609612240681710e-13 9.433650592050970562e-01 -5.314603403278639604e+01
1.997000000000000000e+03 7.861034529413494454e+01 1.754341026717243949e+03 -4.722987257585587173e+01 9.493849737116087928e-01 1.852243119956029509e-12 5.091368247597168299e-13 -1.795944786236315619e-13 9.860237432217923148e-01 -5.273774612123594352e+01
1.998000000000000000e+03 6.579805719160157196e+01 1.765260161010955699e+03 -4.721035036124598605e+01 9.828442248015331062e-01 2.538520720864030280e-12 4.485949808011621341e-13 4.486435669772792307e-13 1.080378021507493624e+00 -5.293108426826309199e+01
1.999000000000000000e+03 5.484283344346542322e+01 1.771993700146101219e+03 -4.720737627916338397e+01 9.783880275907819168e-01 3.163701928401186379e-12 -6.122334833419859120e-13 -1.334490433951747119e-13 9.843175728062549812e-01 -5.319991162553394304e+01
2.000000000000000000e+03 4.571845364817738044e+01 1.772997758986233066e+03 -4.720479735621341177e+01 9.939465207879389919e-01 4.557045376826525067e-12 1.727503893965646840e-12 -2.550847112970618947e-13 1.036782004026965520e+00 -5.320525286406196841e+01
2.001000000000000000e+03 3.792742188153241045e+01 1.771042032245951987e+03 -4.719939635888748342e+01 1.029049160776130067e+00 3.470853292781683292e-12 -8.768620286384983875e-14 9.156386812634246911e-13 1.001473038985978059e+00 -5.322677083981985646e+01
2.002000000000000000e+03 3.160977559602745046e+01 1.772596161113179960e+03 -4.719773943058369525e+01 9.232338314508268251e-01 2.410490249595891478e-12 -8.763026541902633562e-13 -1.000662408471651903e-12 1.005600392086649641e+00 -5.318601437347114569e+01
2.003000000000000000e+03 2.641184288578098815e+01 1.776933435933986402e+03 -4.719475029956998924e+01 1.014139115363645205e+00 4.886918983589340644e-12 1.661483849444068698e-12 4.164606390108855150e-13 1.022037615336977456e+00 -5.308370889404790205e+01
2.004000000000000000e+03 2.194052814699864840e+01 1.776862142223428918e+03 -4.719734520305041059e+01 1.016370951510134013e+00 5.261865990052490933e-12 8.527264223348679889e-13 6.911952606189711071e-13 1.044359119052064466e+00 -5.333177796989563291e+01
2.005000000000000000e+03 1.831214339872481744e+01 1.773993069852676854e+03 -4.719974016140193385e+01 9.819121443010588868e-01 3.310176290038080738e-12 5.402899244149551761e-13 -9.990628383699545019e-14 9.674664124666085829e-01 -5.332461140660327459e+01
2.006000000000000000e+03 1.533220082000145901e+01 1.774684259786386065e+03 -4.719956544185632907e+01 9.758207098148433678e-01 2.536341237739345177e-12 1.667286769220353970e-12 3.800822508202905054e-13 1.039333156890948517e+00 -5.316028084090906702e+01
2.007000000000000000e+03 1.286032529804070634e+01 1.781178024535309078e+03 -4.719945692159443951e+01 9.505664236007183021e-01 1.136045798869356780e-12 2.642505403839042144e-12 5.967028979416237808e-13 1.001809201880969669e+00 -5.306202023089679187e+01
2.008000000000000000e+03 1.080708632284841109e+01 1.786707711754404272e+03 -4.720234877142237906e+01 9.501274408773235924e-01 -5.186004095313466936e-13 1.326156767945479035e-12 9.582796118637632181e-13 1.014012107294141929e+00 -5.330461104575790188e+01
2.009000000000000000e+03 9.063016655618410411e+00 1.793279055040560706e+03 -4.724527114464072497e+01 9.687867253796820233e-01 -1.878626965901182408e-12 -5.610901922284562901e-13 -5.934007991968979550e-14 1.034414748798120565e+00 -5.367796150884951345e+01
2.010000000000000000e+03 7.576818181803077756e+00 1.798632052984462916e+03 -4.729924717399869394e+01 9.753564890030559376e-01 -1.571095959938464518e-12 -2.087529515099216169e-12 -2.517760385860983408e-13 1.031271621725653009e+00 -5.361719463610315017e+01
2.011000000000000000e+03 6.319448121676639829e+00 1.803038240915922870e+03 -4.733168129992571238e+01 9.844548275301799878e-01 -6.707296354799117554e-13 7.603006955620584815e-13 -9.119282438500663658e-13 1.044246016302034619e+00 -5.343165702013774876e+01
2.012000000000000000e+03 5.237448430596202797e+00 1.808198434941548385e+03 -4.735235801282977519e+01 1.040185328662733166e+00 -1.438035043158721435e-15 2.042050586166746920e-12 1.135036299379905006e-12 1.100617581024543989e+00 -5.330965221872963156e+01
2.013000000000000000e+03 4.348160429666688920e+00 1.813306487153029821e+03 -4.735759836004383061e+01 9.534803872718430329e-01 -1.628652154088497456e-12 -1.311943976794075619e-12 1.810646064521581619e-13 1.022599240578035973e+00 -5.326843522152391586e+01
2.014000000000000000e+03 3.642658885851251416e+00 1.822489252902615135e+03 -4.735178626018799264e+01 9.287656028638199279e-01 -1.266832709177626561e-12 -1.266832709177455915e-12 -8.445551394518695846e-13 1.048339360386687069e+00 -5.310779431478018608e+01
