1.285529843413266917e+02
1.730908396863246253e+03
1.059171703424439948e-02
9.687034667030660628e-01
9.719435354437442331e-01
9.625584292119689911e-01
1.000316471950924546e+00
9.670385181521815587e-01
9.854436356510917205e-01
8.836011571003893339e-01
9.767418236308242907e-01
9.601326151520720442e-01
9.972759674544739994e-01
9.717107357839341875e-01
9.435789819074595908e-01
1.028345636762322490e+00
9.340735802784303488e-01
1.014111342631785595e+00
8.721217787928923215e-01
9.782126196720039024e-01
9.196340340807532820e-01
9.639167242793831303e-01
8.841194234015048448e-01
9.642799087637989874e-01
8.941046298908361667e-01
9.036960636497384236e-01
-2.528816434320487957e-02
4.156583625381901625e-02
-7.663778213283789498e-02
-1.071223846594094274e-02
-4.275315948645470876e-02
-4.192066493224898271e-02
-2.631027273560187715e-02
-1.143333596243102379e-01
-1.606707085301976035e-01
-1.004208257655779396e-01
-2.140404517778566051e-01
-1.764946184394366735e-01
-6.067796772179491482e-02
-3.300171192031853273e-02
2.481169693669835544e-02
5.230811068430144678e-02
5.294371506007267830e-02
2.163076544046170849e-02
-1.353997220270956436e-03
1.228408174449966694e-01
1.876717430386811436e-01
-2.643206221376563289e-02
-8.238179966136223442e-02
-8.304902489150971234e-02
-9.436641869232646751e-02
-7.698053367879753583e-02
5.188338638370416228e-02
-8.237776396816343105e-02
-1.245345864119932859e-03
1.358184586344433620e-01
2.223200794548316206e-02
-5.783216300432281187e-02
-2.518135065870210146e-02
-3.898331588308651813e-02
-1.351803898056576358e-02
-4.808518013519856582e-02
-7.205241522664615483e-02
-3.145041777568291508e-02
7.185124937335468122e-03
7.934934537660502663e-02
-4.439754842712478194e-02
-2.768591168346315468e-01
6.629896430800896745e-02
3.006895831547151121e-01
-5.836612298424932038e-03
-8.238179966136348342e-02
-1.715352802957766376e-01
5.646970387086022031e-02
-9.956569323524461224e-02
4.184434243144224963e-02
-1.244857278714314687e-03
-3.815355987916032449e-02
3.226253888910256273e-02
5.199766782596004777e-02
-3.452087711023497235e-02
-2.625614229927662486e-03
-1.454818795430680781e-02
-1.144068930108398108e-02
2.428663314039940929e-03
-2.807664961519685393e-02
-1.648728623980262251e-02
-3.654458612199395964e-03
6.946316727283707339e-03
3.676259748569490199e-02
-5.308877048302274027e-02
-1.051871792587149718e-01
1.195091910379120909e-01
6.476042485218644340e-02
-5.492119977424293059e-02
1.000000000099797282e+00
1.000000000118504984e+00
1.000000000129640298e+00
1.000000000134399603e+00
1.000000000132122535e+00
1.000000000124510624e+00
1.000000000111901599e+00
1.000000000090206287e+00
1.000000000069516171e+00
1.000000000060360383e+00
1.000000000060830452e+00
1.000000000067160277e+00
1.000000000075536466e+00
1.000000000084733998e+00
1.000000000093462571e+00
1.000000000100205400e+00
1.000000000102347020e+00
1.000000000101711306e+00
1.000000000099692476e+00
1.000000000097396091e+00
1.000000000084939833e+00
1.000000000056291638e+00
1.000000000030704772e+00
1.052634185431261526e-02
1.052849783492497936e-02
1.053102645076562684e-02
1.052734497093680763e-02
1.052793063140917626e-02
1.053228211043214478e-02
1.053013577424473900e-02
1.052727729430684954e-02
1.052704152596562956e-02
1.052666664341148778e-02
1.052706529607429914e-02
1.052780084969149980e-02
1.052568084849701477e-02
1.052582208065780053e-02
1.052763350968348964e-02
1.052870741938296585e-02
1.052563280138771665e-02
1.052125747079787031e-02
1.052180724960929264e-02
1.052369321504377508e-02
1.052491891124574148e-02
1.052561904577389330e-02
1.052804361411415444e-02
