1.992000000000000000e+03 1.337410550653351606e+02 1.735588898924440173e+03 -4.735079782366602785e+01 1.023260882823682438e+00 -2.386036485943102831e-02 -5.178373215276129565e-02 -1.736928170198776267e-01 1.000000000155285784e+00 -5.340615841584384071e+01
1.993000000000000000e+03 1.284667977046115936e+02 1.736246858454109770e+03 -4.734138070500515028e+01 9.772633927001885823e-01 -7.187121850371938105e-03 -1.925847627763969949e-01 6.765048698087501589e-02 1.000000000183600912e+00 -5.313851149638671245e+01
1.994000000000000000e+03 1.176756700198857999e+02 1.741983204156884995e+03 -4.730974648216901102e+01 9.608820121447632090e-01 -1.316666661133783500e-01 1.081920691117316258e-01 -1.635012985509354255e-01 1.000000000200264250e+00 -5.282800208045179602e+01
1.995000000000000000e+03 1.052913772598613917e+02 1.748635539180818569e+03 -4.728505547478156501e+01 9.584471017195695941e-01 -2.318184109674212637e-02 -3.646926144569843931e-02 2.043670021740019993e-01 1.000000000206843431e+00 -5.316661631241647967e+01
1.996000000000000000e+03 9.205887688486880904e+01 1.750961351113885030e+03 -4.727122950914453270e+01 1.002522469572874275e+00 -6.712208926742571635e-02 -1.451598534842565846e-01 -3.923602476576202452e-02 1.000000000203369988e+00 -5.314811542601993466e+01
1.997000000000000000e+03 7.859461896492362598e+01 1.754401372167443697e+03 -4.723721486439635697e+01 9.444533827309298246e-01 7.451985401245939252e-06 1.215700255912708673e-03 -4.089994509077179985e-02 1.000000000196525685e+00 -5.274814984052833466e+01
1.998000000000000000e+03 6.579468039968006110e+01 1.765146130820789949e+03 -4.721085790515078173e+01 9.111231145089923045e-01 3.155084380223809742e-02 8.960860037180320981e-02 3.605476285305816292e-02 1.000000000181343829e+00 -5.296095046477222468e+01
1.999000000000000000e+03 5.488268759998497615e+01 1.771845310498731578e+03 -4.720496565087828600e+01 9.761478078888081722e-01 -4.952605796662946230e-02 5.718575104773516299e-02 2.113011440778866587e-02 1.000000000152250879e+00 -5.323385203556219381e+01
2.000000000000000000e+03 4.570460296886462004e+01 1.773047366377837079e+03 -4.720422002471258338e+01 9.686680306828836517e-01 -1.150222721080336047e-01 6.626365921365105771e-02 1.577988250803253473e-02 1.000000000119641852e+00 -5.324585017062833003e+01
2.001000000000000000e+03 3.795323568295367522e+01 1.770937208691878141e+03 -4.719791477215373732e+01 1.012328554261724634e+00 -1.465959656931763166e-01 -5.240387466954811446e-02 1.848253214862382449e-02 1.000000000093935970e+00 -5.325520355391033434e+01
2.002000000000000000e+03 3.159560676365476439e+01 1.772636494070324261e+03 -4.719830646838030219e+01 9.295267421486209658e-01 -2.358172824898371045e-01 -9.666067641973780100e-02 -5.487531537485260819e-02 1.000000000081576967e+00 -5.320503289323607987e+01
2.003000000000000000e+03 2.639452828566180997e+01 1.777017639704453813e+03 -4.719664983609062148e+01 9.757885262246509539e-01 -2.014524967060771499e-01 1.132861875665248583e-02 -9.565135571639677217e-03 1.000000000081831653e+00 -5.314488060089183818e+01
2.004000000000000000e+03 2.195729235333572404e+01 1.776764508324881035e+03 -4.719493499339377962e+01 9.790878345134810257e-01 -2.025990613056229683e-01 -2.487985615967893901e-02 1.711754807607508005e-02 1.000000000085542684e+00 -5.336094808077162810e+01
2.005000000000000000e+03 1.830637150358054654e+01 1.774031748810758700e+03 -4.720017834716194471e+01 1.004689398955392443e+00 -1.666878535193472566e-01 -3.736038913255494004e-02 -2.744052154093716556e-02 1.000000000088843155e+00 -5.335785006441118128e+01
2.006000000000000000e+03 1.532756777160930106e+01 1.774693982250136969e+03 -4.720181549891722028e+01 9.447737306341636998e-01 -9.571155360317046279e-02 8.895183833213445371e-03 2.092970156468061151e-03 1.000000000093145935e+00 -5.317803765953365769e+01
2.007000000000000000e+03 1.287111832971194403e+01 1.781118888315507320e+03 -4.719917797897832656e+01 9.352865370426873826e-01 -7.518068717707548920e-02 -1.916728452090844109e-02 3.130308536032333153e-03 1.000000000097444053e+00 -5.309125721483609794e+01
2.008000000000000000e+03 1.080042483583256008e+01 1.786729527830743564e+03 -4.720430281141552342e+01 9.457028315799982376e-01 -5.389703280354111309e-02 -4.288688460404065789e-02 -1.308602272658933828e-02 1.000000000103049125e+00 -5.335153452236618676e+01
2.009000000000000000e+03 9.061057621893533920e+00 1.793285647692135854e+03 -4.724581683784212771e+01 9.181283926472866286e-01 -1.490691721011931474e-02 -8.644426368980147324e-02 -1.240418694088383372e-02 1.000000000110836895e+00 -5.373375723191919917e+01
2.010000000000000000e+03 7.577247935476834506e+00 1.798576567923563744e+03 -4.729858459387059355e+01 9.508189792515169270e-01 2.807859997805818922e-02 -1.236330485926155215e-01 -3.618025774851926085e-02 1.000000000118282273e+00 -5.371608338957600637e+01
2.011000000000000000e+03 6.310958212349619068e+00 1.803157497092062840e+03 -4.733362371687066172e+01 9.211368033299693892e-01 9.578792481332286390e-02 -2.000464472406169800e-02 -3.699341971724692119e-02 1.000000000122158283e+00 -5.355346400927829364e+01
2.012000000000000000e+03 5.238800525395947538e+00 1.808153313486063780e+03 -4.734878209178039299e+01 9.392967871244647382e-01 1.266082152448551879e-01 8.923013451960228049e-02 1.892559192096445603e-02 1.000000000116721965e+00 -5.342768182338852512e+01
2.013000000000000000e+03 4.349579403617607198e+00 1.813250149920512740e+03 -4.735137742473671807e+01 9.147812662774671422e-01 7.136215556838403085e-02 6.758069585874049157e-02 3.244893154034989013e-02 1.000000000099690700e+00 -5.335898487102552679e+01
2.014000000000000000e+03 3.643442699369640714e+00 1.822426560894984277e+03 -4.734471929818751335e+01 8.865884743733437601e-01 1.512583883857282485e-02 1.512583883857262536e-02 1.008389255904843310e-02 1.000000000077450713e+00 -5.313942902494916609e+01
