1.336027042219919281e+02
1.737360489831681889e+03
1.059170825656366097e-02
1.023260882823682438e+00
9.772633927001885823e-01
9.608820121447632090e-01
9.584471017195695941e-01
1.002522469572874275e+00
9.444533827309298246e-01
9.111231145089923045e-01
9.761478078888081722e-01
9.686680306828836517e-01
1.012328554261724634e+00
9.295267421486209658e-01
9.757885262246509539e-01
9.790878345134810257e-01
1.004689398955392443e+00
9.447737306341636998e-01
9.352865370426873826e-01
9.457028315799982376e-01
9.181283926472866286e-01
9.508189792515169270e-01
9.211368033299693892e-01
9.392967871244647382e-01
9.147812662774671422e-01
8.865884743733437601e-01
-2.386036485943102831e-02
-7.187121850371938105e-03
-1.316666661133783500e-01
-2.318184109674212637e-02
-6.712208926742571635e-02
7.451985401245939252e-06
3.155084380223809742e-02
-4.952605796662946230e-02
-1.150222721080336047e-01
-1.465959656931763166e-01
-2.358172824898371045e-01
-2.014524967060771499e-01
-2.025990613056229683e-01
-1.666878535193472566e-01
-9.571155360317046279e-02
-7.518068717707548920e-02
-5.389703280354111309e-02
-1.490691721011931474e-02
2.807859997805818922e-02
9.578792481332286390e-02
1.266082152448551879e-01
7.136215556838403085e-02
1.512583883857282485e-02
-5.178373215276129565e-02
-1.925847627763969949e-01
1.081920691117316258e-01
-3.646926144569843931e-02
-1.451598534842565846e-01
1.215700255912708673e-03
8.960860037180320981e-02
5.718575104773516299e-02
6.626365921365105771e-02
-5.240387466954811446e-02
-9.666067641973780100e-02
1.132861875665248583e-02
-2.487985615967893901e-02
-3.736038913255494004e-02
8.895183833213445371e-03
-1.916728452090844109e-02
-4.288688460404065789e-02
-8.644426368980147324e-02
-1.236330485926155215e-01
-2.000464472406169800e-02
8.923013451960228049e-02
6.758069585874049157e-02
1.512583883857262536e-02
-1.736928170198776267e-01
6.765048698087501589e-02
-1.635012985509354255e-01
2.043670021740019993e-01
-3.923602476576202452e-02
-4.089994509077179985e-02
3.605476285305816292e-02
2.113011440778866587e-02
1.577988250803253473e-02
1.848253214862382449e-02
-5.487531537485260819e-02
-9.565135571639677217e-03
1.711754807607508005e-02
-2.744052154093716556e-02
2.092970156468061151e-03
3.130308536032333153e-03
-1.308602272658933828e-02
-1.240418694088383372e-02
-3.618025774851926085e-02
-3.699341971724692119e-02
1.892559192096445603e-02
3.244893154034989013e-02
1.008389255904843310e-02
1.000000000155285784e+00
1.000000000183600912e+00
1.000000000200264250e+00
1.000000000206843431e+00
1.000000000203369988e+00
1.000000000196525685e+00
1.000000000181343829e+00
1.000000000152250879e+00
1.000000000119641852e+00
1.000000000093935970e+00
1.000000000081576967e+00
1.000000000081831653e+00
1.000000000085542684e+00
1.000000000088843155e+00
1.000000000093145935e+00
1.000000000097444053e+00
1.000000000103049125e+00
1.000000000110836895e+00
1.000000000118282273e+00
1.000000000122158283e+00
1.000000000116721965e+00
1.000000000099690700e+00
1.000000000077450713e+00
1.052510806522004815e-02
1.052805268092481782e-02
1.053146884213742272e-02
1.052774347631148764e-02
1.052794702007527929e-02
1.053234735636844437e-02
1.053000617403841536e-02
1.052700375904046942e-02
1.052687175725433404e-02
1.052676885262907730e-02
1.052732082302704035e-02
1.052798260909023481e-02
1.052560546452581403e-02
1.052563954855453843e-02
1.052761782045352236e-02
1.052857256440659257e-02
1.052570903143290257e-02
1.052150384289158788e-02
1.052169829010443473e-02
1.052348742125374693e-02
1.052487126680001425e-02
1.052562706353964671e-02
1.052804258642790584e-02
