1.992000000000000000e+03 1.334959396055178047e+02 1.735626745315570133e+03 -4.735181289254619941e+01 1.012100670559248350e+00 -4.603812731435175803e-02 -7.969227153164490374e-02 -5.696424633205204868e-02 1.000000000000038636e+00 -5.339097909540857501e+01
1.993000000000000000e+03 1.286011419688617821e+02 1.736299578956238065e+03 -4.734118152748922626e+01 9.877021006498731825e-01 -1.348418479131822771e-02 -1.087019191086391889e-01 1.864705561839457475e-03 1.000000000000055955e+00 -5.313586466447073065e+01
1.994000000000000000e+03 1.175995179790233749e+02 1.742132661021181548e+03 -4.730892926781304908e+01 9.497181850791500679e-01 -5.558807966534221046e-02 4.624518907219780928e-02 -6.199482085833527695e-02 1.000000000000071054e+00 -5.281445427463849285e+01
1.995000000000000000e+03 1.052646105899531932e+02 1.748506179248262242e+03 -4.728395208218105950e+01 9.721591913417337860e-01 -6.224891852965447336e-02 7.991024733168398606e-03 8.050931074137661347e-02 1.000000000000073275e+00 -5.318507472643385370e+01
1.996000000000000000e+03 9.218232861266457689e+01 1.750500887430746843e+03 -4.727149192243440723e+01 9.934392116791113114e-01 -4.427129230650493630e-02 -7.022524668118540481e-02 -1.289943722232323245e-02 1.000000000000067280e+00 -5.316059360306380199e+01
1.997000000000000000e+03 7.845454984670139709e+01 1.754794267188126923e+03 -4.723890540598674193e+01 9.438283215752799604e-01 -2.274917068065232181e-02 -1.344130166057960762e-02 -2.410995469891045323e-02 1.000000000000067724e+00 -5.273229537970358649e+01
1.998000000000000000e+03 6.580562634440777003e+01 1.764453322158766696e+03 -4.720924824591921265e+01 9.237432381659629321e-01 -1.056799889489407930e-02 5.021692991391990546e-02 1.309497344380872869e-02 1.000000000000053735e+00 -5.296081662353224573e+01
1.999000000000000000e+03 5.495914894781434867e+01 1.771631987444449351e+03 -4.720510832950652969e+01 9.594492846171133182e-01 -6.064194887715236570e-02 4.561976285410636323e-02 1.818481534043837194e-02 1.000000000000007105e+00 -5.324076400467114922e+01
2.000000000000000000e+03 4.574321805450172462e+01 1.772533073721848723e+03 -4.720389484115028722e+01 9.883643703962805560e-01 -1.261948523958352497e-01 2.048565903184976916e-02 1.135490561737460997e-02 9.999999999999510392e-01 -5.324453939274364700e+01
2.001000000000000000e+03 3.797204142995419573e+01 1.770976080795664984e+03 -4.719913770243544349e+01 9.877898864382002042e-01 -1.342257647573891211e-01 -2.707079487273416143e-02 1.498473635647324656e-03 9.999999999999148459e-01 -5.325861650540064574e+01
2.002000000000000000e+03 3.156087196113741911e+01 1.772873895327904847e+03 -4.720016938826210406e+01 9.506597900222931719e-01 -1.876909866100999746e-01 -4.768745785284771860e-02 -2.007873395067339209e-02 9.999999999999126254e-01 -5.321332536690348292e+01
2.003000000000000000e+03 2.633855440406061632e+01 1.776979204865055863e+03 -4.719811467190005061e+01 9.584511392953813935e-01 -2.010441420780193222e-01 -1.838808031611618293e-02 -1.171290461789226828e-02 9.999999999999334976e-01 -5.313968317475159608e+01
2.004000000000000000e+03 2.196643737508814809e+01 1.776804529850443032e+03 -4.719620985530759327e+01 9.948232338046102408e-01 -1.992594749361348838e-01 -1.924359639857648255e-02 -5.458155928516177915e-04 9.999999999999626965e-01 -5.336600805864832608e+01
2.005000000000000000e+03 1.830469396110481384e+01 1.773830711272911230e+03 -4.720130095576413964e+01 9.923447760801012985e-01 -1.527296208940595035e-01 -3.017073901449328355e-02 -1.000052104339495089e-02 9.999999999999984457e-01 -5.335814334561494832e+01
2.006000000000000000e+03 1.531635345550339089e+01 1.774980123083649460e+03 -4.720357948216480537e+01 9.512512899198346528e-01 -1.047805244777646055e-01 -2.654143591750048395e-02 -8.354469319960066906e-03 1.000000000000040856e+00 -5.317616260500002312e+01
2.007000000000000000e+03 1.286015715231499890e+01 1.780752896424599385e+03 -4.719875447401200574e+01 9.361901153841887258e-01 -6.615218684196409737e-02 -3.270539377258806224e-02 -7.619327895866109986e-03 1.000000000000082601e+00 -5.308023010621787563e+01
2.008000000000000000e+03 1.078994666079997877e+01 1.786998084843158722e+03 -4.720431174079786274e+01 9.380674005528034654e-01 -3.357233717816982682e-02 -4.615702940802574733e-02 -1.166770428352964864e-02 1.000000000000123235e+00 -5.334575710381761837e+01
2.009000000000000000e+03 9.039760611545299085e+00 1.793128147995827021e+03 -4.724501808932168956e+01 9.299282160796189523e-01 1.138108926681334621e-03 -6.039058987859281802e-02 -1.528291892412342139e-02 1.000000000000164535e+00 -5.374222086164037648e+01
2.010000000000000000e+03 7.554542973499144942e+00 1.798612790845623294e+03 -4.729819525505962474e+01 9.375396170051658595e-01 3.676886586299638743e-02 -6.436957032798511225e-02 -1.998197946261649413e-02 1.000000000000199840e+00 -5.370386333458587558e+01
2.011000000000000000e+03 6.296404072340973102e+00 1.803457460745237313e+03 -4.733253256442160506e+01 9.308173053497943439e-01 7.178532075375433641e-02 -2.025314374490960398e-02 -1.834485393816569221e-02 1.000000000000223155e+00 -5.354572787900480080e+01
2.012000000000000000e+03 5.236058001098085946e+00 1.807861249602666703e+03 -4.734635453960822815e+01 9.363340445633736575e-01 8.781569530692599768e-02 4.869164611190333197e-02 3.874206486581255587e-03 1.000000000000222045e+00 -5.342854464511881218e+01
2.013000000000000000e+03 4.358297268306662531e+00 1.813486434765254899e+03 -4.735081551894415952e+01 9.120432913515190698e-01 6.179745283238047282e-02 5.721525554458654211e-02 2.286951273708329180e-02 1.000000000000195621e+00 -5.336824355558999855e+01
2.014000000000000000e+03 3.647697336853019667e+00 1.821768057730084365e+03 -4.734327621926526319e+01 8.989050656886947710e-01 1.832878915117020988e-02 1.832878915117062274e-02 1.221919276744680080e-02 1.000000000000152767e+00 -5.314587249181590778e+01
