1.308322342973219463e+02
1.726395826126872635e+03
1.059172795618780992e-02
9.519563320758867020e-01
9.701341153597567990e-01
9.918398741994952639e-01
1.057053905858505560e+00
1.016515796480007339e+00
9.367640026084247395e-01
9.303207189322735271e-01
9.789135956523046245e-01
9.268462157604966389e-01
1.025740886858943268e+00
9.582629541672993412e-01
9.697086700666657233e-01
1.025983754650257040e+00
9.723127635349613218e-01
1.005549390096867723e+00
9.601646515457141762e-01
9.730696614233718122e-01
1.006940112950666988e+00
9.042763701418480293e-01
9.174197480962766882e-01
1.107971491917803641e+00
8.890802913519678663e-01
8.252711443453896178e-01
5.759268500151429687e-12
8.644781202791405928e-12
1.324863679263081690e-11
1.718487304394429414e-11
2.431974466712608249e-12
1.278260129959590896e-12
1.371008591811028895e-12
1.861339855461729532e-12
3.530154534633215001e-12
4.301685536343960032e-12
2.503684709599726235e-12
4.907030594472908280e-12
8.165048320668549170e-12
5.794719602266721197e-12
5.337255017486760274e-12
3.460131299812578223e-12
1.720623491991559613e-12
-5.157975355704080329e-13
-2.882105423695468228e-12
-8.819829100920975419e-13
1.243929660353372948e-12
-3.111446892933388214e-12
-2.908769090694624651e-12
-1.434911771139828433e-11
-8.095488206421853482e-12
-7.747345475487879057e-14
7.574044320487930474e-12
1.411761945252925120e-12
3.374207118109682407e-13
1.123397401066903201e-12
-5.554743615141726174e-13
-2.919299229819619763e-14
7.227372448384109874e-13
-6.577533177286591321e-13
7.901826260117985730e-13
3.452041832436736242e-14
-1.848951625982735998e-13
1.609853884395202081e-12
1.926262593505516830e-12
4.328160142658371088e-12
2.051777934959122482e-12
-5.509737709451858627e-12
1.280703332093786718e-12
5.778951459067785466e-12
-2.384254620259705293e-12
-2.908769090694725625e-12
-2.959698839608350232e-12
-3.211351176214830158e-12
-1.822865414910890257e-12
1.536218655856850428e-12
6.027720323120274339e-13
2.405512442596072557e-13
-1.348829246862070280e-14
6.801981399938346431e-13
-9.754776395030160852e-13
6.222587036103319420e-13
-1.442638884556894676e-13
-2.942383233632505515e-13
8.210267407047186459e-13
-6.497098037251572510e-13
4.348904729506151992e-13
5.207554986674677929e-13
6.279741572117921152e-13
1.805972750314692948e-12
-3.504966349402391564e-13
-2.658129470422185594e-12
2.809545353454385423e-12
8.344711620724367252e-13
-1.939179393796333904e-12
1.026195743852724274e+00
9.624244416097129662e-01
1.057643902238199374e+00
1.017913177899145927e+00
1.070170576658318495e+00
9.321378836870195528e-01
1.061942171020447967e+00
9.874255414008206166e-01
9.784208190513095094e-01
1.022160330900923064e+00
9.883338037680735599e-01
1.024740667495356083e+00
9.937196647857667875e-01
1.039353692378414129e+00
9.843372508325559656e-01
1.085517256505032835e+00
9.855008902963373618e-01
1.086165526497439027e+00
9.393015781982847479e-01
1.032951125500315870e+00
1.125736754967982645e+00
9.993900683903087501e-01
9.224062319682273525e-01
1.052721636999149994e-02
1.052858578539988578e-02
1.053159552312911938e-02
1.052809297353730217e-02
1.052843337660014193e-02
1.053233949101657629e-02
1.053035538606906206e-02
1.052727159561365339e-02
1.052706893766763678e-02
1.052670163954333785e-02
1.052719060410571214e-02
1.052801169300294007e-02
1.052603996834909107e-02
1.052619751267412813e-02
1.052820341613155790e-02
1.052944435787579389e-02
1.052671369331325234e-02
1.052136304958559143e-02
1.052243941475979050e-02
1.052435171934758273e-02
1.052600674445342346e-02
1.052610602350090470e-02
1.052805093987516094e-02
