1.992000000000000000e+03 1.306058696911428285e+02 1.733939474820921305e+03 -4.735227970519395768e+01 9.737405163546400955e-01 5.015923610654568188e-15 -2.537981622331195341e-13 2.746689621962023062e-13 9.994339528653494176e-01 -5.328220175937370584e+01
1.993000000000000000e+03 1.253378063459578868e+02 1.740024352000229101e+03 -4.734379654347564781e+01 9.678485342271578862e-01 2.815136173132624760e-15 -1.271248667946802677e-12 -2.157634374929786298e-13 1.004494648553224234e+00 -5.308472165010547172e+01
1.994000000000000000e+03 1.149221122579375560e+02 1.745397731735484058e+03 -4.730917297664405652e+01 1.001426271826357794e+00 6.819803451385319693e-15 -4.677331601590741966e-13 -5.268793606529094364e-13 1.022956364001926355e+00 -5.280767463409929974e+01
1.995000000000000000e+03 1.030895385642708959e+02 1.748018677552117424e+03 -4.728193359812316032e+01 1.044836100550348590e+00 1.322701144036484903e-14 1.609794392989698901e-12 1.865243327019570844e-13 1.048065911421300234e+00 -5.314670276715194319e+01
1.996000000000000000e+03 8.993839518808881905e+01 1.750316925350559131e+03 -4.727499990908534500e+01 1.012280971734029533e+00 1.369869697760778253e-15 1.685170994514363905e-13 1.521318245605715555e-13 1.031419390347441123e+00 -5.311203255738939077e+01
1.997000000000000000e+03 7.625226797877498086e+01 1.752863273645876916e+03 -4.723627508045558443e+01 9.449825524236969976e-01 -3.955370611817721111e-16 -5.160950092662431311e-14 -2.828239040945783559e-14 9.688014012325026902e-01 -5.273448705262973135e+01
1.998000000000000000e+03 6.415607946734658640e+01 1.763018773598138978e+03 -4.720946013192128987e+01 9.347345202810827258e-01 7.931405435101068877e-17 4.960115202322963659e-14 -5.293578315642627226e-15 1.043051116023753888e+00 -5.294214887312431728e+01
1.999000000000000000e+03 5.381972625233496643e+01 1.772181147883383801e+03 -4.720923198730542225e+01 9.591254306790210071e-01 2.124794116063384164e-16 -7.791385350547720314e-14 3.422404100781244580e-14 9.855460091080787688e-01 -5.321354393505017555e+01
2.000000000000000000e+03 4.507831704292826913e+01 1.773977002801127128e+03 -4.720566581739716128e+01 9.632148349457372305e-01 1.301105914477951871e-15 -2.920068026413094130e-14 -8.001185215351927327e-14 1.001366929765959535e+00 -5.323241093567821025e+01
2.001000000000000000e+03 3.764812946925876957e+01 1.773531421549977495e+03 -4.720097940870982001e+01 9.853650940176447159e-01 1.991879847315387185e-15 7.202786617691132494e-14 3.940781371311972736e-14 9.884909644226439474e-01 -5.326843244849766279e+01
2.002000000000000000e+03 3.135584812077511785e+01 1.772858930800202188e+03 -4.719769520943173546e+01 9.790450185497164837e-01 2.834303850082441706e-16 -7.435145234569428242e-14 8.845602749197817899e-15 1.010865293015491995e+00 -5.322620817330159326e+01
2.003000000000000000e+03 2.615144416591083498e+01 1.776137505742943176e+03 -4.719898211749706718e+01 9.797532685969017052e-01 2.145190898497733812e-15 -3.403352348747168447e-14 -5.841323764632836030e-14 1.023141057831154166e+00 -5.313282449921607764e+01
2.004000000000000000e+03 2.182707182343227004e+01 1.774730350269168412e+03 -4.719299752121841607e+01 9.991546821983137150e-01 5.793593976478726484e-15 9.612625296272531470e-14 3.572422198801790509e-14 9.860552630950262243e-01 -5.332962281704733698e+01
2.005000000000000000e+03 1.823425091523969854e+01 1.774015389639550222e+03 -4.720162880064005151e+01 9.906472154166450217e-01 4.136851605932435037e-15 5.954642001920427932e-14 2.308951408981283172e-14 1.035425558608126906e+00 -5.330927347265579641e+01
2.006000000000000000e+03 1.523883833795545328e+01 1.774684232791761133e+03 -4.720012112112570435e+01 9.900093164667146395e-01 3.001139453246055923e-15 -1.215784135331408287e-14 1.371973416826761671e-14 9.935471359369357769e-01 -5.311725422706492594e+01
2.007000000000000000e+03 1.273812829816627179e+01 1.780679774550137836e+03 -4.719616916161495368e+01 9.785286630645839701e-01 2.296836458200817631e-15 2.631799739025167914e-14 -1.780457404873080384e-14 1.076511416777468755e+00 -5.298576203962191045e+01
2.008000000000000000e+03 1.065303075077977013e+01 1.789013409913355190e+03 -4.720783654484450409e+01 9.810170758504946908e-01 1.933201494316355848e-15 2.743127901113952221e-13 2.907814818957863598e-14 1.019566010878433238e+00 -5.328132142698039075e+01
2.009000000000000000e+03 8.920743936008680208e+00 1.792270060593189555e+03 -4.724287173386465355e+01 9.582008914810231648e-01 5.115690388266066016e-16 9.786822618460659847e-14 1.230376361744411732e-13 1.015349964893792478e+00 -5.372611959142980709e+01
2.010000000000000000e+03 7.489581200113855530e+00 1.796681914999799346e+03 -4.729295960294022194e+01 9.405844924179828093e-01 -1.089580970689170649e-15 -4.173787254418858061e-13 -4.623372164106070977e-14 1.000014874306027535e+00 -5.365282169553897518e+01
2.011000000000000000e+03 6.273461673745234890e+00 1.803041641088854931e+03 -4.733125551183059088e+01 9.732367806907763486e-01 4.823463450248328541e-16 2.122825834146498042e-13 -1.856150095895095995e-13 1.052479646303112748e+00 -5.347089442946983695e+01
2.012000000000000000e+03 5.221336426688282906e+00 1.809397307307176561e+03 -4.735611716623422751e+01 1.003642281075629361e+00 1.498599410121886546e-15 5.494607959997530640e-13 2.617093854927272480e-13 1.063141578716130020e+00 -5.336738263791274051e+01
2.013000000000000000e+03 4.361783601981472636e+00 1.814330404570281416e+03 -4.736036773835194680e+01 9.188891040607919392e-01 -2.623648044772240771e-15 -1.977177746962582518e-13 8.367824947233483044e-14 9.969434417399378745e-01 -5.334147294220436919e+01
2.014000000000000000e+03 3.681040047929251102e+00 1.823231020961834247e+03 -4.735057105012074885e+01 8.769560212271826360e-01 -2.585881191238506402e-15 -2.585881191238237763e-13 -1.723920794158833506e-13 9.962899655552270861e-01 -5.314221393414308636e+01
