1.308497096888910676e+02
1.730708151557427755e+03
1.059173463233266561e-02
9.674783787035438065e-01
9.783306593595327838e-01
9.838600670847968965e-01
1.014484849419014845e+00
9.911066360903468819e-01
9.674007488317112324e-01
9.427440336947222610e-01
9.696426403499769364e-01
9.560949653819048599e-01
1.009112580300953965e+00
9.832700653122911083e-01
9.767915023867088653e-01
1.027556189050930158e+00
9.818398599896860368e-01
1.002251238410190481e+00
9.540430246196863751e-01
1.003162016165334292e+00
9.684904161815121038e-01
9.245110862918753947e-01
9.516342683219689569e-01
1.053471406265374277e+00
9.270428547134516029e-01
8.281378248848600965e-01
2.993429357012021216e-03
1.110579929405787654e-02
4.036594994219436065e-03
3.500179074674925755e-02
4.497210676372492485e-03
-4.224400738955139817e-03
-1.018873641757143305e-03
-1.421138725317373612e-03
6.933979236287649874e-03
1.164506051672153063e-02
-1.134936283378557356e-02
4.949139847149932638e-03
3.461775020788018797e-02
2.090964228232716771e-02
1.904231671102276507e-02
1.243115927780010128e-02
1.025577141800333367e-02
5.964982986272657044e-03
-7.889911846966971704e-03
9.471696557963036819e-03
2.194490686568540891e-02
-1.791798240644436324e-02
-2.087390792786532681e-02
-1.978370406403785753e-02
-3.206411988104216487e-02
-3.470891561984187218e-02
5.519412260745384241e-02
9.788658886386018831e-03
-3.345983820342390228e-03
2.461747951309333198e-03
-8.113233755229065994e-03
1.622744702831179506e-03
6.060850157286826363e-03
-1.083841530464972440e-02
1.264195202520242622e-03
5.803667183419979059e-03
3.308741095269047343e-04
4.437768960864079196e-03
-3.799944589104213739e-03
1.717608660171905319e-02
7.074542975813676027e-03
-4.516875582730481287e-02
1.604026686312692157e-02
5.338653354067066786e-02
-1.269950542446647915e-02
-2.087390792787673782e-02
-3.808296508166659870e-03
-4.560011948890266807e-03
-1.402491500750524880e-02
-7.905105607392664754e-03
7.669661084625322735e-03
-8.131255557674117382e-04
-1.225322822849940138e-03
2.557357051618442279e-03
-7.397166729755709144e-03
5.518873482111680100e-03
-1.518624166378256110e-03
-5.706986036645080029e-03
6.549782838369438628e-03
-2.182493515109120048e-03
1.985149949654109111e-03
7.940590373189486666e-04
-2.737018176346264330e-03
1.135019406189606041e-02
-5.307065662397260873e-03
-1.984435057789212670e-02
2.443028945603374635e-02
8.928586323595031488e-03
-1.391593861857285536e-02
9.993467268231222000e-01
1.006979615644395532e+00
1.015595748058711667e+00
1.014987864684774532e+00
1.017488281670873906e+00
9.871675990601950224e-01
1.048356778508469311e+00
9.971046920083415088e-01
9.938937269186213230e-01
1.009498001358905661e+00
1.013337092480278478e+00
1.023115367669580777e+00
1.006717795179452590e+00
1.032549152835091411e+00
9.986590443371874404e-01
1.061210774173976246e+00
1.032986732346696357e+00
1.030269648748925793e+00
9.789748145121721645e-01
1.041356922419970132e+00
1.099050760424467033e+00
1.011766703603861783e+00
9.457254659802878383e-01
1.052596919190602713e-02
1.052511733080789026e-02
1.053920063738059826e-02
1.052125435391594588e-02
1.052682738017438231e-02
1.053815099081160771e-02
1.052993493939240188e-02
1.052532655075173219e-02
1.052792283283736710e-02
1.052736861001456366e-02
1.052420633036058734e-02
1.053448084069404621e-02
1.051999277255637709e-02
1.052856912052779585e-02
1.052624909113343554e-02
1.053202665468418522e-02
1.052999738992376269e-02
1.051459213597904715e-02
1.052438319682917102e-02
1.052334671060890098e-02
1.052873022236350438e-02
1.052252529918175361e-02
1.052859150142760984e-02
