1.367009623026096392e+02
1.735979284599702623e+03
1.059144168724961664e-02
1.013405841401302965e+00
9.621397306935995930e-01
9.670482290475921339e-01
1.026934215434008646e+00
9.537389439832677507e-01
9.681651158817727865e-01
9.925827108152125433e-01
9.942981343967031149e-01
1.009078331776544601e+00
1.049170633483239801e+00
9.523841949195268608e-01
1.020556260152190475e+00
1.028805364039814263e+00
9.950924072694201650e-01
9.798988882329998651e-01
9.542691838742627386e-01
9.599549947906300673e-01
9.810810611270359693e-01
9.885666727352936389e-01
9.914782451087484905e-01
1.043103287906931964e+00
9.639613201042747104e-01
9.378287399089020315e-01
4.576277195419999055e-02
-1.701237388140383611e-02
2.313901298084467678e-02
4.798837649890791424e-02
2.338348238778144902e-03
1.345078830293246902e-02
1.908749745307318502e-02
2.501683004905081234e-02
3.821274711438596428e-02
3.122491414319391798e-02
2.030773871510331216e-02
4.085981790182403872e-02
4.555878692740729374e-02
2.758333155362665060e-02
2.082404700535300107e-02
8.612982026003501365e-03
-4.557807846810410513e-03
-1.476414903968369108e-02
-1.297564791047039340e-02
-4.712046968362032170e-03
1.849609863758836046e-03
-1.336780242865079349e-02
-1.088879156236325155e-02
9.062365220362656251e-03
-6.193120146244625313e-02
5.364996913005937867e-02
1.750473282113174101e-02
-1.049263251481141225e-02
4.117514864904764198e-03
2.489751146476591390e-03
-9.038652935387263623e-03
1.262213318559674349e-02
8.985591950651030139e-04
-8.056208350114021574e-03
1.436672504522126977e-02
9.252137722769802897e-03
5.642730540955221905e-03
1.471406484421234478e-02
2.025889271247911447e-02
1.065141817867463862e-02
-4.031947447851183357e-03
-1.974767222648930731e-02
6.307624851866620169e-03
1.925624957230748224e-02
-1.064560453806014280e-02
-1.088879156236321685e-02
4.974594931435631640e-02
-2.124462955471596512e-02
-1.671610159697640638e-02
4.551955032179679644e-02
-5.807808704095832227e-03
-8.439698639469770790e-04
3.102338448610763612e-03
-1.286940156249126790e-03
-4.400340719675527486e-03
8.341186860600216524e-03
-7.953296871692815476e-03
2.582491304950578371e-03
6.995325391863776825e-03
-6.734999031410511322e-04
3.663960217903175064e-03
5.013365965580428643e-03
6.985817548059890941e-03
9.210232351201915531e-05
-2.224053830996703014e-03
-8.752848789330643087e-03
1.036634561912676278e-02
1.976923276595965104e-03
-7.259194374908743870e-03
1.001856911159885843e+00
9.814540644088312060e-01
1.008117219470791914e+00
1.057164191701786216e+00
9.597820345226069083e-01
1.017516411940023513e+00
1.074111022907243029e+00
1.011695115707549331e+00
1.036966015042062317e+00
1.030759270204237188e+00
1.019310267874264042e+00
1.038326648260550655e+00
1.044901825044648902e+00
9.884732538031870686e-01
1.033607267295323373e+00
1.013875659261212592e+00
1.013995670113524872e+00
1.053353733167119000e+00
1.034764149475160266e+00
1.058205594350071665e+00
1.095633937510289702e+00
1.039076062060493300e+00
1.049362175326866264e+00
1.052708795954440148e-02
1.052813994402261068e-02
1.053191666235311560e-02
1.052809532251469324e-02
1.052808733772751977e-02
1.053276195606408540e-02
1.053067211996116040e-02
1.052768948898077581e-02
1.052763163362850987e-02
1.052747350448861308e-02
1.052797611526238609e-02
1.052888063769827874e-02
1.052621201819560481e-02
1.052614187872238580e-02
1.052799277411742111e-02
1.052903672531956512e-02
1.052645809619775184e-02
1.052238699516457043e-02
1.052301365860597651e-02
1.052495183073267823e-02
1.052633745732578160e-02
1.052675636661485475e-02
1.052846815325482639e-02
