1.992000000000000000e+03 1.343384917970968786e+02 1.735316418115640090e+03 -4.736570873416856386e+01 1.013405841401302965e+00 4.576277195419999055e-02 9.062365220362656251e-03 4.974594931435631640e-02 1.001856911159885843e+00 -5.322619873579170502e+01
1.993000000000000000e+03 1.279374829289420461e+02 1.736399344838471507e+03 -4.734289259696300434e+01 9.621397306935995930e-01 -1.701237388140383611e-02 -6.193120146244625313e-02 -2.124462955471596512e-02 9.814540644088312060e-01 -5.313057980912650180e+01
1.994000000000000000e+03 1.178221753351280938e+02 1.741850979160662973e+03 -4.730645848198278003e+01 9.670482290475921339e-01 2.313901298084467678e-02 5.364996913005937867e-02 -1.671610159697640638e-02 1.008117219470791914e+00 -5.278729763824918564e+01
1.995000000000000000e+03 1.052277431199115796e+02 1.748709140026458726e+03 -4.728612975205459179e+01 1.026934215434008646e+00 4.798837649890791424e-02 1.750473282113174101e-02 4.551955032179679644e-02 1.057164191701786216e+00 -5.313463563421283453e+01
1.996000000000000000e+03 9.205313551287359530e+01 1.751057162049252383e+03 -4.727144544984129482e+01 9.537389439832677507e-01 2.338348238778144902e-03 -1.049263251481141225e-02 -5.807808704095832227e-03 9.597820345226069083e-01 -5.313536140301611255e+01
1.997000000000000000e+03 7.861150008323369320e+01 1.754335566291168334e+03 -4.723120811232506355e+01 9.681651158817727865e-01 1.345078830293246902e-02 4.117514864904764198e-03 -8.439698639469770790e-04 1.017516411940023513e+00 -5.271046489876396635e+01
1.998000000000000000e+03 6.579796556509579375e+01 1.765279361213657012e+03 -4.721030706047179848e+01 9.925827108152125433e-01 1.908749745307318502e-02 2.489751146476591390e-03 3.102338448610763612e-03 1.074111022907243029e+00 -5.290041973791493035e+01
1.999000000000000000e+03 5.484277290177210773e+01 1.771982736282171118e+03 -4.720684266895658254e+01 9.942981343967031149e-01 2.501683004905081234e-02 -9.038652935387263623e-03 -1.286940156249126790e-03 1.011695115707549331e+00 -5.317152343014775084e+01
2.000000000000000000e+03 4.571781419807551572e+01 1.773016087836466568e+03 -4.720431694571658454e+01 1.009078331776544601e+00 3.821274711438596428e-02 1.262213318559674349e-02 -4.400340719675527486e-03 1.036966015042062317e+00 -5.317678212675524918e+01
2.001000000000000000e+03 3.792768052995761252e+01 1.771031115344945647e+03 -4.719918207878392735e+01 1.049170633483239801e+00 3.122491414319391798e-02 8.985591950651030139e-04 8.341186860600216524e-03 1.030759270204237188e+00 -5.319115509239169626e+01
2.002000000000000000e+03 3.160943056136578022e+01 1.772602363198921694e+03 -4.719844393263494453e+01 9.523841949195268608e-01 2.030773871510331216e-02 -8.056208350114021574e-03 -7.953296871692815476e-03 1.019310267874264042e+00 -5.314547085038734053e+01
2.003000000000000000e+03 2.641309866749968194e+01 1.776926355315506498e+03 -4.719566872146108238e+01 1.020556260152190475e+00 4.085981790182403872e-02 1.436672504522126977e-02 2.582491304950578371e-03 1.038326648260550655e+00 -5.306325518215881942e+01
2.004000000000000000e+03 2.193966829747449054e+01 1.776866280943850825e+03 -4.719730050060222482e+01 1.028805364039814263e+00 4.555878692740729374e-02 9.252137722769802897e-03 6.995325391863776825e-03 1.044901825044648902e+00 -5.330581626830677067e+01
2.005000000000000000e+03 1.831246695661031509e+01 1.773990246613302133e+03 -4.720054452041821946e+01 9.950924072694201650e-01 2.758333155362665060e-02 5.642730540955221905e-03 -6.734999031410511322e-04 9.884732538031870686e-01 -5.331219149703392191e+01
2.006000000000000000e+03 1.533278604589972716e+01 1.774683423002246855e+03 -4.720051996199947553e+01 9.798988882329998651e-01 2.082404700535300107e-02 1.471406484421234478e-02 3.663960217903175064e-03 1.033607267295323373e+00 -5.314395666166693388e+01
2.007000000000000000e+03 1.286006561643359625e+01 1.781180166697615277e+03 -4.719951865103966071e+01 9.542691838742627386e-01 8.612982026003501365e-03 2.025889271247911447e-02 5.013365965580428643e-03 1.013875659261212592e+00 -5.304906773767714867e+01
2.008000000000000000e+03 1.080683262776554088e+01 1.786705401510365164e+03 -4.720172708189396360e+01 9.599549947906300673e-01 -4.557807846810410513e-03 1.065141817867463862e-02 6.985817548059890941e-03 1.013995670113524872e+00 -5.328344934740225369e+01
2.009000000000000000e+03 9.062671192754464755e+00 1.793285383898247346e+03 -4.724511351783144875e+01 9.810810611270359693e-01 -1.476414903968369108e-02 -4.031947447851183357e-03 9.210232351201915531e-05 1.053353733167119000e+00 -5.365348503529909863e+01
2.010000000000000000e+03 7.576882972843036690e+00 1.798622533599337885e+03 -4.729958140953982593e+01 9.885666727352936389e-01 -1.297564791047039340e-02 -1.974767222648930731e-02 -2.224053830996703014e-03 1.034764149475160266e+00 -5.359652574381690471e+01
2.011000000000000000e+03 6.319633855498318908e+00 1.803043574448654226e+03 -4.733261747519901519e+01 9.914782451087484905e-01 -4.712046968362032170e-03 6.307624851866620169e-03 -8.752848789330643087e-03 1.058205594350071665e+00 -5.342035909681774797e+01
2.012000000000000000e+03 5.237669331274796392e+00 1.808195383717080631e+03 -4.735261775137233542e+01 1.043103287906931964e+00 1.849609863758836046e-03 1.925624957230748224e-02 1.036634561912676278e-02 1.095633937510289702e+00 -5.329441465281725954e+01
2.013000000000000000e+03 4.347998725764749217e+00 1.813309157872571404e+03 -4.735774012105031971e+01 9.639613201042747104e-01 -1.336780242865079349e-02 -1.064560453806014280e-02 1.976923276595965104e-03 1.039076062060493300e+00 -5.325633845394784061e+01
2.014000000000000000e+03 3.642704448315156718e+00 1.822488234137663312e+03 -4.735273883422441799e+01 9.378287399089020315e-01 -1.088879156236325155e-02 -1.088879156236321685e-02 -7.259194374908743870e-03 1.049362175326866264e+00 -5.310074756451499667e+01
