1.992000000000000000e+03 1.304375473718681633e+02 1.734006974716203104e+03 -4.735468741689774674e+01 9.674783787035438065e-01 2.993429357012021216e-03 -1.978370406403785753e-02 -3.808296508166659870e-03 9.993467268231222000e-01 -5.332788761837270641e+01
1.993000000000000000e+03 1.253727622089964342e+02 1.739942677606335337e+03 -4.736717400671042100e+01 9.783306593595327838e-01 1.110579929405787654e-02 -3.206411988104216487e-02 -4.560011948890266807e-03 1.006979615644395532e+00 -5.340531623508582015e+01
1.994000000000000000e+03 1.150379094757660283e+02 1.745468540278896171e+03 -4.730750681365503141e+01 9.838600670847968965e-01 4.036594994219436065e-03 -3.470891561984187218e-02 -1.402491500750524880e-02 1.015595748058711667e+00 -5.212521842221473634e+01
1.995000000000000000e+03 1.031504936105830410e+02 1.748064996976082966e+03 -4.727302958717805126e+01 1.014484849419014845e+00 3.500179074674925755e-02 5.519412260745384241e-02 -7.905105607392664754e-03 1.014987864684774532e+00 -5.375643396139751218e+01
1.996000000000000000e+03 8.985830493543151931e+01 1.750056695150340147e+03 -4.730341505626600451e+01 9.911066360903468819e-01 4.497210676372492485e-03 9.788658886386018831e-03 7.669661084625322735e-03 1.017488281670873906e+00 -5.324988376835260340e+01
1.997000000000000000e+03 7.623416222599814773e+01 1.752954830236890075e+03 -4.724084079976387329e+01 9.674007488317112324e-01 -4.224400738955139817e-03 -3.345983820342390228e-03 -8.131255557674117382e-04 9.871675990601950224e-01 -5.222062698053253627e+01
1.998000000000000000e+03 6.417841612595157130e+01 1.762877265551358050e+03 -4.718898468508070465e+01 9.427440336947222610e-01 -1.018873641757143305e-03 2.461747951309333198e-03 -1.225322822849940138e-03 1.048356778508469311e+00 -5.296742528733788902e+01
1.999000000000000000e+03 5.380561374114047624e+01 1.772159544069028016e+03 -4.720472340115600218e+01 9.696426403499769364e-01 -1.421138725317373612e-03 -8.113233755229065994e-03 2.557357051618442279e-03 9.971046920083415088e-01 -5.338629951938577989e+01
2.000000000000000000e+03 4.510080277541881344e+01 1.774065329550249089e+03 -4.720705846472728240e+01 9.560949653819048599e-01 6.933979236287649874e-03 1.622744702831179506e-03 -7.397166729755709144e-03 9.938937269186213230e-01 -5.315031389878888035e+01
2.001000000000000000e+03 3.765539810066631077e+01 1.773537503984075784e+03 -4.719554122807656427e+01 1.009112580300953965e+00 1.164506051672153063e-02 6.060850157286826363e-03 5.518873482111680100e-03 1.009498001358905661e+00 -5.320068935199229543e+01
2.002000000000000000e+03 3.133037868005645521e+01 1.772803496881524552e+03 -4.720714095187194914e+01 9.832700653122911083e-01 -1.134936283378557356e-02 -1.083841530464972440e-02 -1.518624166378256110e-03 1.013337092480278478e+00 -5.348812008531855611e+01
2.003000000000000000e+03 2.617738757285244944e+01 1.776231451799718343e+03 -4.718869550469995033e+01 9.767915023867088653e-01 4.949139847149932638e-03 1.264195202520242622e-03 -5.706986036645080029e-03 1.023115367669580777e+00 -5.255422694796341432e+01
2.004000000000000000e+03 2.182808457768565447e+01 1.774673379407727680e+03 -4.718513368858878465e+01 1.027556189050930158e+00 3.461775020788018797e-02 5.803667183419979059e-03 6.549782838369438628e-03 1.006717795179452590e+00 -5.387110233679636906e+01
2.005000000000000000e+03 1.821895945311071685e+01 1.774075900297631733e+03 -4.721416486683204994e+01 9.818398599896860368e-01 2.090964228232716771e-02 3.308741095269047343e-04 -2.182493515109120048e-03 1.032549152835091411e+00 -5.309157024286814419e+01
2.006000000000000000e+03 1.523120976946793803e+01 1.774643730407147814e+03 -4.720952313589820903e+01 1.002251238410190481e+00 1.904231671102276507e-02 4.437768960864079196e-03 1.985149949654109111e-03 9.986590443371874404e-01 -5.330244657542171183e+01
2.007000000000000000e+03 1.274316229428205816e+01 1.780707849805802198e+03 -4.720101793545805435e+01 9.540430246196863751e-01 1.243115927780010128e-02 -3.799944589104213739e-03 7.940590373189486666e-04 1.061210774173976246e+00 -5.277729992298330330e+01
2.008000000000000000e+03 1.066045091050389182e+01 1.789021140854482610e+03 -4.718142255907198290e+01 1.003162016165334292e+00 1.025577141800333367e-02 1.717608660171905319e-02 -2.737018176346264330e-03 1.032986732346696357e+00 -5.296174889068628033e+01
2.009000000000000000e+03 8.901772159963085684e+00 1.792320887496745854e+03 -4.724279972858613519e+01 9.684904161815121038e-01 5.964982986272657044e-03 7.074542975813676027e-03 1.135019406189606041e-02 1.030269648748925793e+00 -5.436197678425813962e+01
2.010000000000000000e+03 7.483938951300618037e+00 1.796593128029688160e+03 -4.731707045253485688e+01 9.245110862918753947e-01 -7.889911846966971704e-03 -4.516875582730481287e-02 -5.307065662397260873e-03 9.789748145121721645e-01 -5.347204411767969390e+01
2.011000000000000000e+03 6.296974878784197927e+00 1.803066268711254224e+03 -4.734464590953835028e+01 9.516342683219689569e-01 9.471696557963036819e-03 1.604026686312692157e-02 -1.984435057789212670e-02 1.041356922419970132e+00 -5.356625363400524265e+01
2.012000000000000000e+03 5.226047823478364940e+00 1.809382123656481554e+03 -4.735834510215719462e+01 1.053471406265374277e+00 2.194490686568540891e-02 5.338653354067066786e-02 2.443028945603374635e-02 1.099050760424467033e+00 -5.307692704500532699e+01
2.013000000000000000e+03 4.343141854209737751e+00 1.814332678516221449e+03 -4.736851485827520492e+01 9.270428547134516029e-01 -1.791798240644436324e-02 -1.269950542446647915e-02 8.928586323595031488e-03 1.011766703603861783e+00 -5.364091418080329987e+01
2.014000000000000000e+03 3.686252847542230704e+00 1.823222243304169524e+03 -4.736723374074735915e+01 8.281378248848600965e-01 -2.087390792786532681e-02 -2.087390792787673782e-02 -1.391593861857285536e-02 9.457254659802878383e-01 -5.308953595258880398e+01
