1.992000000000000000e+03 1.343911913425026228e+02 1.732870211261131999e+03 -4.735912674231524022e+01 -8.882034933728464362e-04 8.856184100176628729e-03 9.986291525880878206e-01 -5.343014887127572621e+01
1.993000000000000000e+03 1.282989913707593246e+02 1.737829843353593105e+03 -4.735739009395189925e+01 -3.036456273018312002e-02 -5.517750228184435841e-03 1.008465582809764394e+00 -5.309979560729482984e+01
1.994000000000000000e+03 1.174432424313256575e+02 1.744084953464350519e+03 -4.730833877034601187e+01 2.338235456200166498e-02 7.449416526948748896e-03 1.017797968493899141e+00 -5.254236582254723231e+01
1.995000000000000000e+03 1.052533275276563245e+02 1.747186581383251450e+03 -4.727728315485724409e+01 2.780425074704111557e-02 1.227976328772570867e-02 1.013049513513014199e+00 -5.339809774353765448e+01
1.996000000000000000e+03 9.220772395279428224e+01 1.750518865376035365e+03 -4.728877642335493903e+01 -4.937801657027079787e-03 -2.805280583645263903e-03 1.003807788884877983e+00 -5.326638772625247498e+01
1.997000000000000000e+03 7.851801325515678798e+01 1.757457114708382278e+03 -4.725035015330125532e+01 -2.789572358643656151e-04 3.682851177744113596e-04 1.010728140961321575e+00 -5.245337267844973894e+01
1.998000000000000000e+03 6.580737661425271767e+01 1.764945066442014877e+03 -4.720031444806060961e+01 4.784858104489204955e-04 3.251768458703778886e-03 1.028130644514983150e+00 -5.290736757412217628e+01
1.999000000000000000e+03 5.484858782573616054e+01 1.770856848806998187e+03 -4.719997528310604196e+01 -2.267727506546426096e-03 2.356789989020237428e-03 1.031099390597169929e+00 -5.325780602901797067e+01
2.000000000000000000e+03 4.566873326037495673e+01 1.773118055701865842e+03 -4.720497258473521640e+01 2.814114954993323509e-03 4.902975479873889278e-03 1.020457456840234922e+00 -5.316579373829844002e+01
2.001000000000000000e+03 3.797746069034820948e+01 1.772809419591136702e+03 -4.720027154194627883e+01 5.923102434565512232e-04 3.025182580904913973e-03 1.015119584689831544e+00 -5.321923043594023284e+01
2.002000000000000000e+03 3.162254146148055156e+01 1.774686566702130449e+03 -4.720161008365053590e+01 -2.935864444365042861e-03 2.379373194998120463e-04 1.018529957163161859e+00 -5.319120791302467666e+01
2.003000000000000000e+03 2.636093098292628412e+01 1.777072175457238927e+03 -4.718931229615452594e+01 1.061999680210187107e-03 4.181939307883898900e-03 1.019809810022225260e+00 -5.296778147095771061e+01
2.004000000000000000e+03 2.196051557745011351e+01 1.776191955660809981e+03 -4.718995550896587332e+01 3.667933101544268611e-03 7.424949969835023186e-03 1.016348338400671292e+00 -5.350020868427796472e+01
2.005000000000000000e+03 1.832885659035084558e+01 1.774735361817231251e+03 -4.721028342678168599e+01 2.111463555536726919e-03 3.697489276111861657e-03 1.013082893242546634e+00 -5.335990078854791108e+01
2.006000000000000000e+03 1.533999051306458661e+01 1.776619169784124551e+03 -4.721251568796791531e+01 1.432886542897383701e-03 1.638246667057009992e-03 1.014320695603937894e+00 -5.310981736609110726e+01
2.007000000000000000e+03 1.286762418917320794e+01 1.781978149726950505e+03 -4.719531004109145300e+01 7.943604187290179619e-04 2.388796995986671660e-04 1.017626546460303594e+00 -5.289799064818101471e+01
2.008000000000000000e+03 1.080105446397591429e+01 1.788310915224373502e+03 -4.718969944301887409e+01 2.248612040916372272e-04 -5.704046860044611859e-04 1.020435541975573068e+00 -5.323711986575108313e+01
2.009000000000000000e+03 9.054170729056373546e+00 1.794261461219708508e+03 -4.724299018456912336e+01 -1.616418244659333699e-03 -8.875267676893283664e-04 1.029754550809241165e+00 -5.391882774157108571e+01
2.010000000000000000e+03 7.570208850043780302e+00 1.800209651197775202e+03 -4.731277228060315565e+01 -3.398347510082398108e-03 -4.667307639243798074e-04 1.044271593834919631e+00 -5.361599194331723339e+01
2.011000000000000000e+03 6.306058678733030831e+00 1.805303006570695288e+03 -4.734567914939935918e+01 3.017596303151351671e-03 1.199606537222976154e-03 1.054762071521104350e+00 -5.339726149055800875e+01
2.012000000000000000e+03 5.237739564145762472e+00 1.809163408374855635e+03 -4.735315527310268635e+01 4.865989799450241501e-03 1.223046682313963128e-03 1.057180211808714798e+00 -5.326282149662797849e+01
2.013000000000000000e+03 4.358703401727829885e+00 1.815382895695375737e+03 -4.736175866774838994e+01 -2.018004139307685504e-03 -2.597408831426547236e-03 1.056050705935206446e+00 -5.335367808567970371e+01
2.014000000000000000e+03 3.639746183405158764e+00 1.824600554420754179e+03 -4.736534211786747051e+01 -2.317618768475176311e-03 -2.317618768475358890e-03 1.054025043536240380e+00 -5.312625176015251327e+01
