1.992000000000000000e+03 1.357969018086303663e+02 1.733248795342440189e+03 -4.735706433022646422e+01 1.071019129136271675e-01 6.201740450189128367e-02 1.014933992562589760e+00 -5.324279668233356233e+01
1.993000000000000000e+03 1.278355111612331001e+02 1.737575647573045671e+03 -4.734496930219200550e+01 -2.974156642651156618e-02 -3.819073500298901525e-02 1.019773545967365358e+00 -5.306647449781554116e+01
1.994000000000000000e+03 1.173530118463313272e+02 1.742852219880724533e+03 -4.731061253596080718e+01 1.107355741409793704e-01 2.351028737733491455e-02 1.029391224997677989e+00 -5.278857533086301146e+01
1.995000000000000000e+03 1.053998704542764386e+02 1.747955532174283917e+03 -4.728359816489857792e+01 1.088355448026597089e-01 5.227228232921470041e-02 1.024414745006819505e+00 -5.312166151148800708e+01
1.996000000000000000e+03 9.212939069140375636e+01 1.752215892128676160e+03 -4.727383041665311936e+01 -4.540041284304873782e-03 1.198560338548362858e-02 1.026576257899773470e+00 -5.308410993780621112e+01
1.997000000000000000e+03 7.851464472739712619e+01 1.756021826037017263e+03 -4.723814669466097627e+01 -1.476538112987521405e-02 2.888716713022172755e-02 1.024806884286505460e+00 -5.268742075882448717e+01
1.998000000000000000e+03 6.575903219171971159e+01 1.764129508587087003e+03 -4.720890672619315609e+01 -2.451402102585041598e-02 5.471905009196528780e-02 1.073271659668307620e+00 -5.288093719984476593e+01
1.999000000000000000e+03 5.474373190162632596e+01 1.772162752762219498e+03 -4.720943659073106602e+01 -1.677901454082154561e-02 8.346049992449496024e-02 1.035322824444362855e+00 -5.315785967053554373e+01
2.000000000000000000e+03 4.561618652213128655e+01 1.773080150155059073e+03 -4.720517382761524061e+01 1.359597939343488472e-02 1.144850682722162449e-01 1.010318124725291922e+00 -5.318287665374632667e+01
2.001000000000000000e+03 3.801130453602121406e+01 1.771887715654002022e+03 -4.719673787155387146e+01 1.451591511608565400e-02 8.612317247944328846e-02 1.014403898087404166e+00 -5.319034851160886745e+01
2.002000000000000000e+03 3.168323594977568192e+01 1.774652656228052365e+03 -4.720020498403887643e+01 1.063430287990011977e-02 8.931307133528997022e-02 1.048255313110678655e+00 -5.315280099186381335e+01
2.003000000000000000e+03 2.639307748738934833e+01 1.777246089506065118e+03 -4.719716117479044470e+01 2.560348370692156275e-02 1.072138232817142489e-01 1.017312704725704897e+00 -5.310021370670592233e+01
2.004000000000000000e+03 2.200054402935748854e+01 1.776375313470146466e+03 -4.719326651152078256e+01 4.563540920156466257e-02 1.118132149971955008e-01 1.015576295509287297e+00 -5.331528570417620472e+01
2.005000000000000000e+03 1.839930424369598327e+01 1.775548035687373613e+03 -4.720108443506454421e+01 4.183423309240480448e-02 6.430126088659982031e-02 1.016687438524655596e+00 -5.330134366115424172e+01
2.006000000000000000e+03 1.538973578790347396e+01 1.775713796481155214e+03 -4.719946477149472486e+01 2.775876934093436318e-02 2.438150830757563128e-02 1.024506609115630962e+00 -5.311239959974156477e+01
2.007000000000000000e+03 1.287006352101812112e+01 1.781626162921500509e+03 -4.719748090922526274e+01 1.283799713023460985e-02 -3.188855842118738879e-03 1.073991809228129979e+00 -5.297609362958777268e+01
2.008000000000000000e+03 1.076996716322243230e+01 1.788489474439916648e+03 -4.720453239687816449e+01 3.337633626538371104e-03 -1.713853596044512609e-02 1.042731585097084857e+00 -5.321497772487626321e+01
2.009000000000000000e+03 9.011921682801693478e+00 1.794078522672120016e+03 -4.724462855334699185e+01 -3.550413496294218488e-03 -2.164486565133621337e-02 1.067730482990484564e+00 -5.360808514464942931e+01
2.010000000000000000e+03 7.533425945199241802e+00 1.800325827897441286e+03 -4.730129470777200140e+01 -2.660818966869003387e-03 -2.060928442313808909e-02 1.056618862104756973e+00 -5.356124433931175588e+01
2.011000000000000000e+03 6.286701274148455809e+00 1.805386037687568432e+03 -4.733642135546356400e+01 2.142344217129155473e-02 -1.732897929222922823e-02 1.062529417529966658e+00 -5.341928372325654806e+01
2.012000000000000000e+03 5.238930938109710667e+00 1.809393362753717156e+03 -4.734841009872226181e+01 8.164191531415843084e-03 -2.213934456251765229e-02 1.052162992074818781e+00 -5.329081377951793996e+01
2.013000000000000000e+03 4.364016155842306510e+00 1.815607538904093644e+03 -4.735520875593390855e+01 -2.847820808012261479e-02 -3.275832821684301899e-02 1.088374749035482925e+00 -5.323192642969765132e+01
2.014000000000000000e+03 3.631183756697942133e+00 1.824522385550886611e+03 -4.735650447434058918e+01 -1.712048054688209558e-02 -1.712048054688205742e-02 1.087426006045342897e+00 -5.307829091151816669e+01
