1.992000000000000000e+03 1.306829064756491050e+02 1.733721524545680495e+03 -4.735615615921218335e+01 -1.896783643048698712e-10 2.839072301319454105e-10 1.000873852456944046e+00 -5.336765694453349340e+01
1.993000000000000000e+03 1.253287194696183064e+02 1.740114151673895094e+03 -4.735952093901785531e+01 -7.650832376991764133e-10 1.359327696490331846e-10 1.011768139671430200e+00 -5.318418370559552244e+01
1.994000000000000000e+03 1.148430834913841352e+02 1.745989813036193709e+03 -4.731359869222873016e+01 -1.630150636407615251e-10 4.227862280671043180e-10 1.027281758697619729e+00 -5.251757130227452564e+01
1.995000000000000000e+03 1.030709575126657427e+02 1.747924082442419376e+03 -4.727804186308270573e+01 1.053950237595940686e-09 7.771282746405878026e-10 1.033250719266572082e+00 -5.333980836921281821e+01
1.996000000000000000e+03 8.998270017576518853e+01 1.748612603991110518e+03 -4.728442952274370015e+01 7.752013557521571237e-11 5.587406610169310442e-11 1.023231322836126722e+00 -5.324140135545152219e+01
1.997000000000000000e+03 7.626268232614073384e+01 1.754317724232011869e+03 -4.724328948955158580e+01 -5.759922973284539509e-11 -4.623066482388811092e-11 1.009343842353351617e+00 -5.241860369422746402e+01
1.998000000000000000e+03 6.413540421896915689e+01 1.763721318565160573e+03 -4.719761739230521158e+01 3.564640225467439455e-11 3.514266309942769946e-12 1.002633612689176168e+00 -5.298222314767642160e+01
1.999000000000000000e+03 5.382346782558331455e+01 1.770632181180961197e+03 -4.720162236455038851e+01 -2.062583453178303547e-11 2.436514321637971735e-11 9.988143438874188540e-01 -5.334349327995369094e+01
2.000000000000000000e+03 4.508074510022270687e+01 1.773411781754293543e+03 -4.720518887118186058e+01 -3.358661542111723754e-11 6.578546258117927358e-11 9.972444931827995074e-01 -5.316487937273151232e+01
2.001000000000000000e+03 3.764399509671141431e+01 1.773772539772127175e+03 -4.720047400847515462e+01 2.533871264469543441e-11 9.286621709760443530e-11 1.000990599247574497e+00 -5.328012847326157697e+01
2.002000000000000000e+03 3.136405406690555964e+01 1.774210234271361969e+03 -4.720497769978982205e+01 -2.341784582281442851e-11 1.371516143078498163e-12 1.006682601073701777e+00 -5.329735561650306153e+01
2.003000000000000000e+03 2.614896504704709557e+01 1.775072416773733494e+03 -4.719335214764186759e+01 -4.924847371922789633e-12 1.081505419064555910e-10 1.008382499428921886e+00 -5.298117821560510521e+01
2.004000000000000000e+03 2.182053949400571113e+01 1.774541143804768353e+03 -4.719027025327537928e+01 3.144765008679980257e-11 3.070989289013916960e-10 1.009410447356662743e+00 -5.345256916243090473e+01
2.005000000000000000e+03 1.822645124931015914e+01 1.774013897388364967e+03 -4.720607234840335309e+01 7.135891134198005713e-12 2.246820704377109051e-10 1.016307534027682591e+00 -5.330176926877550159e+01
2.006000000000000000e+03 1.523521080113112092e+01 1.776364344152756530e+03 -4.720849130011850292e+01 4.106439916078238300e-12 1.793679467265891560e-10 1.026301548582015499e+00 -5.311102994449534975e+01
2.007000000000000000e+03 1.274456464708888781e+01 1.781341578763481266e+03 -4.719540619647033708e+01 5.130595628749133308e-11 1.415365266130423520e-10 1.029914522999127557e+00 -5.292486474261903595e+01
2.008000000000000000e+03 1.066665098107215925e+01 1.786378715341618545e+03 -4.719137915315718601e+01 1.485428527809633984e-10 9.992201641908041031e-11 1.024406937294312758e+00 -5.324894745303299004e+01
2.009000000000000000e+03 8.932716525144380526e+00 1.791216401170332801e+03 -4.724261499291115740e+01 2.044558199831482645e-12 1.236849190035422094e-11 1.022988412421359072e+00 -5.391603377789822105e+01
2.010000000000000000e+03 7.486480088322366555e+00 1.798032118995012524e+03 -4.731105719025418921e+01 -2.585986077635872720e-10 -5.025630139639045546e-11 1.032626688939898507e+00 -5.360263720462199188e+01
2.011000000000000000e+03 6.262273837391233222e+00 1.804849302419763262e+03 -4.734799544460344123e+01 1.574380497492821767e-10 6.051747685505511775e-11 1.040464094989024035e+00 -5.347335036853883850e+01
2.012000000000000000e+03 5.219772194088014849e+00 1.808293547847475338e+03 -4.735944530615554271e+01 3.418640468860364959e-10 1.013831017775108884e-10 1.032661189811504565e+00 -5.335826994761128361e+01
2.013000000000000000e+03 4.367003884848382533e+00 1.813729461008538010e+03 -4.736254707544240716e+01 -1.197353880647029384e-10 -1.586056215586558471e-10 1.015878719172776723e+00 -5.333690894158982587e+01
2.014000000000000000e+03 3.679713258566428280e+00 1.823785120691334669e+03 -4.735456106396895848e+01 -1.554809339758752761e-10 -1.554809339758715021e-10 1.004753947431396899e+00 -5.308817923467157129e+01
