1.992000000000000000e+03 1.343968563024752427e+02 1.733672545700406772e+03 -4.735674821415724978e+01 9.053705525462179351e-07 1.435534741820072507e-06 9.730778972204046084e-01 -5.350796490589881671e+01
1.993000000000000000e+03 1.283582745772431224e+02 1.736397865080126167e+03 -4.735497067229599111e+01 -3.638194357567607708e-06 -6.999045430284158670e-07 1.002012762318812644e+00 -5.316681953687485418e+01
1.994000000000000000e+03 1.173680694536914615e+02 1.743637305036912949e+03 -4.730859458734349232e+01 2.014270109516734801e-06 7.850933674613232423e-07 1.040827866533830193e+00 -5.246323711265299039e+01
1.995000000000000000e+03 1.052585104702359331e+02 1.748611667566770848e+03 -4.727873135301074825e+01 3.116990233145838757e-06 1.965783364697804897e-06 1.033686610041665954e+00 -5.335435064840421404e+01
1.996000000000000000e+03 9.224076010204095155e+01 1.751201875788098050e+03 -4.728810439850372660e+01 -5.159818211778160717e-07 -1.887830836880486089e-07 9.891263641905085890e-01 -5.329311392198854236e+01
1.997000000000000000e+03 7.849673720038573776e+01 1.756081055110066927e+03 -4.724594696114414916e+01 7.938701086502794183e-08 8.918965478974265177e-08 9.890428410215247323e-01 -5.249574361880837614e+01
1.998000000000000000e+03 6.581297935755557660e+01 1.764254568922221097e+03 -4.719784153813655081e+01 1.642753216936413223e-07 3.328895803250853922e-07 1.036369364827532058e+00 -5.287928538460840144e+01
1.999000000000000000e+03 5.485145533787720495e+01 1.772126319823008998e+03 -4.720081223570326756e+01 -3.234838089220134470e-07 1.201151821442391617e-07 1.037989169714771842e+00 -5.324115491236869246e+01
2.000000000000000000e+03 4.566178660207635431e+01 1.773844575383244774e+03 -4.720529764309888776e+01 1.460842291282900054e-07 4.103338597464436206e-07 1.006060144763567088e+00 -5.321471877446904131e+01
2.001000000000000000e+03 3.798496210249445681e+01 1.771914102548169922e+03 -4.720080553211292340e+01 5.801278257215291001e-08 3.367900895285048232e-07 1.003716971788217505e+00 -5.328818208275443169e+01
2.002000000000000000e+03 3.162255307440139163e+01 1.773901320414395968e+03 -4.720501564102796976e+01 -2.078078758294139475e-07 9.363166247053514585e-08 1.022751145031106201e+00 -5.318438182193574448e+01
2.003000000000000000e+03 2.635046395439477251e+01 1.777398983180091591e+03 -4.719125575697968600e+01 1.990674461075497800e-07 4.323737547713831232e-07 1.022465169585739186e+00 -5.290337907473819001e+01
2.004000000000000000e+03 2.195807190992763935e+01 1.777012980765130123e+03 -4.718706141419137623e+01 3.569882497603502657e-07 6.666904920963637960e-07 1.011695359019095797e+00 -5.347388255201646245e+01
2.005000000000000000e+03 1.833513678861421425e+01 1.774933748522097630e+03 -4.720620637111549911e+01 1.037126050259320793e-07 2.831870622986637310e-07 1.002754119192341031e+00 -5.341879607628230531e+01
2.006000000000000000e+03 1.534726426289614309e+01 1.775874625394722216e+03 -4.721275567526450345e+01 5.493264134004115267e-08 1.379113003852803207e-07 1.010941228557894700e+00 -5.318292082334674831e+01
2.007000000000000000e+03 1.286900644532719085e+01 1.781647519957645500e+03 -4.720103985351498466e+01 8.058924278821722825e-08 6.257247270794598584e-08 1.026464850166179721e+00 -5.289716076099804098e+01
2.008000000000000000e+03 1.079746471535363028e+01 1.788609285482797986e+03 -4.719343014130139835e+01 8.779070920768401990e-08 -7.061834476478775993e-09 1.020311466590573035e+00 -5.317789263807615185e+01
2.009000000000000000e+03 9.050436478487412728e+00 1.794274386663371160e+03 -4.723848458490054014e+01 -1.020474016723526903e-07 -7.485637425661183308e-08 1.026160237987791657e+00 -5.386128401462065085e+01
2.010000000000000000e+03 7.567400241009902828e+00 1.800205921256382453e+03 -4.730514029605170379e+01 -3.320623689371473902e-07 -7.265591847052077295e-08 1.045095451213382987e+00 -5.361581622636902011e+01
2.011000000000000000e+03 6.304298011631740195e+00 1.805635085714830211e+03 -4.734337237605335247e+01 2.562576952907023390e-07 8.332992277177593668e-08 1.055020788780297814e+00 -5.345956491560887969e+01
2.012000000000000000e+03 5.238033378791532080e+00 1.809301466680082513e+03 -4.735718241902564785e+01 4.536207798486220621e-07 1.079228918443862022e-07 1.051822896497228044e+00 -5.332412958629628719e+01
2.013000000000000000e+03 4.359693947157965432e+00 1.815155166305809644e+03 -4.736592132959282964e+01 -1.902769860578468240e-07 -2.453161198712318640e-07 1.054802161094780200e+00 -5.333012230714639657e+01
2.014000000000000000e+03 3.639565468513133784e+00 1.824514064050243405e+03 -4.736621561676146541e+01 -2.201565352540648968e-07 -2.201565352540308302e-07 1.056247373766301179e+00 -5.309384668794281481e+01
