1.992000000000000000e+03 1.343687014379699463e+02 1.733611169629733922e+03 -4.735707961588075676e+01 6.596373879363805724e-03 1.746597581928246989e-02 9.939797745971032938e-01 -5.344153587071642875e+01
1.993000000000000000e+03 1.282369181545792287e+02 1.736898388054088855e+03 -4.735569926722182998e+01 -4.926561745418351485e-02 -9.201349138923099746e-03 9.969604754265412039e-01 -5.318337870143019330e+01
1.994000000000000000e+03 1.175282410440475900e+02 1.743139028446745215e+03 -4.730991463529543495e+01 2.832508312657727040e-02 7.366398328886353611e-03 1.027058532809802083e+00 -5.252087219624112890e+01
1.995000000000000000e+03 1.052712264509366378e+02 1.748098029241799395e+03 -4.727851329109545020e+01 4.661903709015461500e-02 1.680792205070454071e-02 1.018507142713989788e+00 -5.332707337804210113e+01
1.996000000000000000e+03 9.215596667666501673e+01 1.752012886081811303e+03 -4.728826361513061016e+01 -4.965084971944837798e-03 -4.191560547930369036e-03 1.001314722289162740e+00 -5.328500383016632469e+01
1.997000000000000000e+03 7.853077936932700709e+01 1.755714889461548410e+03 -4.724244581372749963e+01 -1.403586213563484458e-03 1.187219613012367909e-04 9.868175832897332356e-01 -5.246202756232032272e+01
1.998000000000000000e+03 6.581571888969494921e+01 1.764517484860769855e+03 -4.719764144905569481e+01 -2.150981916242728983e-03 5.020570002812418942e-03 1.072603703875545156e+00 -5.286913502783596641e+01
1.999000000000000000e+03 5.484217823145350934e+01 1.772426238510471649e+03 -4.720300812418809500e+01 -3.068492350824603230e-03 5.958165869064621124e-03 1.012865635327554692e+00 -5.328858541411263161e+01
2.000000000000000000e+03 4.567226754764620722e+01 1.773084454862327675e+03 -4.720545296833877558e+01 7.325309783203523203e-03 1.023942692357047470e-02 1.024750512369408728e+00 -5.318280343583359127e+01
2.001000000000000000e+03 3.797737223084041602e+01 1.771843888976633252e+03 -4.719890640394930159e+01 1.109424631083314860e-03 4.563805258082895104e-03 1.006190578071112895e+00 -5.321548063636438997e+01
2.002000000000000000e+03 3.162220726563431938e+01 1.774409766583594319e+03 -4.720281723758424164e+01 -6.733548528850203004e-03 -1.308385212993653764e-03 1.038819568647111780e+00 -5.318235859868358517e+01
2.003000000000000000e+03 2.636043693317488490e+01 1.777718991563612917e+03 -4.719335120694190522e+01 2.523867528442527101e-04 7.168267622321777312e-03 1.013150757803115809e+00 -5.296990943077150860e+01
2.004000000000000000e+03 2.195882742722985270e+01 1.776273240849612421e+03 -4.718831351798291962e+01 7.247620483370382539e-03 1.514355083143599338e-02 1.017939421797462662e+00 -5.343575748816276416e+01
2.005000000000000000e+03 1.833263166567416391e+01 1.775529545186639325e+03 -4.720932843630698272e+01 6.442303448504921488e-03 8.418062271496924362e-03 1.015835832170450814e+00 -5.339650279323770832e+01
2.006000000000000000e+03 1.534342925291959325e+01 1.775232991947624669e+03 -4.720928968741455378e+01 4.206584555802838840e-03 3.123939130656240223e-03 9.915758287208361610e-01 -5.315410019535482888e+01
2.007000000000000000e+03 1.286552511331884752e+01 1.781888191737917396e+03 -4.719778799879237141e+01 7.815607561520377311e-04 -7.278994026277194182e-04 1.055852799570272227e+00 -5.287014017613489614e+01
2.008000000000000000e+03 1.079805295868734660e+01 1.788823545251735140e+03 -4.719078344823324045e+01 -1.669307102538387802e-03 -2.070256620018537733e-03 9.931117088890331068e-01 -5.322347825591111814e+01
2.009000000000000000e+03 9.053506552567617049e+00 1.794351194302381600e+03 -4.724203476397448043e+01 -4.810696629106343998e-03 -1.520305774887630848e-03 1.052656635921743300e+00 -5.390037423159310492e+01
2.010000000000000000e+03 7.570303079249828038e+00 1.800180768697083067e+03 -4.730997031282369392e+01 -6.369978806378992324e-03 3.909865494087587899e-04 1.022218379622102491e+00 -5.360344611418798877e+01
2.011000000000000000e+03 6.305927160638019835e+00 1.805254433129574863e+03 -4.734378930626759541e+01 7.632737213198394384e-03 3.706817385685603084e-03 1.076323965915312986e+00 -5.341738053157107657e+01
2.012000000000000000e+03 5.237573545650375806e+00 1.809349315548574623e+03 -4.735524844732974259e+01 1.043955383259648900e-02 2.757037741489946209e-03 1.038469602203529352e+00 -5.329793450172759606e+01
2.013000000000000000e+03 4.359140377402434652e+00 1.815200913525637134e+03 -4.736355731500319166e+01 -4.358305306971873086e-03 -5.575463417315908513e-03 1.070485561208938563e+00 -5.333430303607234180e+01
2.014000000000000000e+03 3.639681774348314747e+00 1.824630715052730920e+03 -4.736555569090561590e+01 -4.868632441376182472e-03 -4.868632441376202422e-03 1.046680748969124553e+00 -5.310174854151317447e+01
