1.992000000000000000e+03 1.343382464369946092e+02 1.732898828742971091e+03 -4.735672970045568064e+01 3.100272137385510357e-03 1.761442506035301378e-02 1.001466348199674172e+00 -5.338976683882678742e+01
1.993000000000000000e+03 1.282699392655075599e+02 1.738004175497473852e+03 -4.735595639029754977e+01 -5.487978248764439210e-02 -1.271137425761255553e-02 1.007301186883921451e+00 -5.314196814600491336e+01
1.994000000000000000e+03 1.175284702644827206e+02 1.743785661569912691e+03 -4.730929706695230408e+01 4.328411416491256131e-02 8.176835201964454194e-03 1.012237939901640127e+00 -5.256652986082988122e+01
1.995000000000000000e+03 1.052600009892719726e+02 1.747087137317035058e+03 -4.727823233807382053e+01 4.502236021643692132e-02 1.719439208788495904e-02 1.009134965897344305e+00 -5.338567346850098261e+01
1.996000000000000000e+03 9.217642016088504420e+01 1.750689035753490316e+03 -4.728841479073897602e+01 -9.703338176192026834e-03 -5.276086673500946997e-03 1.006601811773685018e+00 -5.325158599504808876e+01
1.997000000000000000e+03 7.852451703894482193e+01 1.757330528150660939e+03 -4.724829443453049294e+01 3.874575456041695512e-04 1.763236130044991976e-03 1.017130121710299706e+00 -5.243331189317501639e+01
1.998000000000000000e+03 6.580499957736944339e+01 1.764897435524637785e+03 -4.719889850640090856e+01 4.733918703867231255e-04 6.944453701421527368e-03 1.032008455587064555e+00 -5.291391121113886697e+01
1.999000000000000000e+03 5.484679496413438216e+01 1.771063801537933614e+03 -4.720033357212716396e+01 -4.920671904920061353e-03 5.281553601266785088e-03 1.031878538463528505e+00 -5.326193854841865516e+01
2.000000000000000000e+03 4.567241739537007561e+01 1.773282068901669845e+03 -4.720448859402714703e+01 6.723455235421432058e-03 1.095906122560394089e-02 1.021154310148045141e+00 -5.314688868924255871e+01
2.001000000000000000e+03 3.798046647619583638e+01 1.772894493143026466e+03 -4.719954392753000860e+01 1.112733726380425075e-03 6.318679493493345803e-03 1.016850316896923623e+00 -5.322994389830504502e+01
2.002000000000000000e+03 3.162509663334472165e+01 1.774592119830327874e+03 -4.720280007425903079e+01 -7.156691063411008830e-03 -1.549384638206698322e-04 1.020191498513093098e+00 -5.321147728328701021e+01
2.003000000000000000e+03 2.636036547716805600e+01 1.776868781471299371e+03 -4.719112234413480422e+01 2.258361108774213557e-03 9.068837293928912191e-03 1.020580904700317149e+00 -5.295956451134187404e+01
2.004000000000000000e+03 2.195823770071322301e+01 1.776132110150009339e+03 -4.719041548871705061e+01 8.981582346351355689e-03 1.679152995006105362e-02 1.016350109148518532e+00 -5.348150592031686301e+01
2.005000000000000000e+03 1.832886067185825141e+01 1.774741293880310195e+03 -4.720943876637528547e+01 5.252726115340783895e-03 8.130579022971887171e-03 1.013058641325029541e+00 -5.335404154433631874e+01
2.006000000000000000e+03 1.534029867603053887e+01 1.776532721550852557e+03 -4.721212941043795297e+01 2.990372347986978464e-03 3.123442272435217326e-03 1.014790801732966319e+00 -5.312385785797823701e+01
2.007000000000000000e+03 1.286771337444828944e+01 1.781880392027020662e+03 -4.719615766676766100e+01 1.361879193562619576e-03 9.719464484969301675e-05 1.018966693308525739e+00 -5.290171258725251136e+01
2.008000000000000000e+03 1.080170439601728916e+01 1.788419398543628631e+03 -4.719005149832011625e+01 1.756977441834277668e-04 -1.398163188345506952e-03 1.022791773098971291e+00 -5.321179032854273316e+01
2.009000000000000000e+03 9.054943762297400056e+00 1.794566657570137522e+03 -4.724145133831925136e+01 -3.999629106852372641e-03 -1.889823971943911532e-03 1.031714527359404165e+00 -5.389463761330404168e+01
2.010000000000000000e+03 7.570179696908999389e+00 1.800361932100202011e+03 -4.730997782349633241e+01 -7.932764149801235787e-03 -7.642778808067566881e-04 1.044636361846329242e+00 -5.361452524517684992e+01
2.011000000000000000e+03 6.305255099390535634e+00 1.805145915077797781e+03 -4.734420247344795030e+01 7.094886911690885881e-03 3.148121026753988166e-03 1.054198156252497576e+00 -5.342610181403229319e+01
2.012000000000000000e+03 5.237098282305423957e+00 1.809000775430421299e+03 -4.735500248225077513e+01 1.144259000401476149e-02 3.118744150193872647e-03 1.057357967667111875e+00 -5.328896247308356493e+01
2.013000000000000000e+03 4.358591841407706724e+00 1.815356962322209256e+03 -4.736434241679133095e+01 -4.516138797105896316e-03 -5.844411625636731535e-03 1.057607253929663482e+00 -5.333645237126982863e+01
2.014000000000000000e+03 3.639892556054478590e+00 1.824667674560587102e+03 -4.736615898228535571e+01 -5.313091314124531762e-03 -5.313091314124791104e-03 1.056413254507867050e+00 -5.310694730477693781e+01
