1.992000000000000000e+03 1.305988060444926191e+02 1.733806775477356268e+03 -4.735810516689254257e+01 -1.248552632717362700e-02 1.055571902614114814e-02 1.007658231325602838e+00 -5.335368799705519649e+01
1.993000000000000000e+03 1.253358173270876819e+02 1.740298265106039707e+03 -4.735731800072484532e+01 -3.459035973124083285e-02 4.685512679771441577e-03 1.009744830180992814e+00 -5.311814708348705238e+01
1.994000000000000000e+03 1.149660653611217072e+02 1.745591544402508589e+03 -4.730886883413931798e+01 -1.327797476130346960e-02 1.533739140406233971e-02 1.012624348494691962e+00 -5.257779691093500674e+01
1.995000000000000000e+03 1.030847972347245758e+02 1.747898457382166498e+03 -4.727908104779643139e+01 4.650237419295265295e-02 3.139660816721260433e-02 1.014441286464407899e+00 -5.342010299985344801e+01
1.996000000000000000e+03 8.990779164145605762e+01 1.749099603020755012e+03 -4.728947088623836237e+01 5.997051300296722155e-03 3.230435791722336813e-03 1.014528732401862365e+00 -5.327815374005040638e+01
1.997000000000000000e+03 7.627906431013084898e+01 1.753928777236082851e+03 -4.724691992940510943e+01 -1.285432463990430259e-03 -2.178566098986781715e-03 1.016719930324783361e+00 -5.240808314120470612e+01
1.998000000000000000e+03 6.415690410590349302e+01 1.762870865116382447e+03 -4.719636785744629748e+01 2.147569901379831666e-03 -7.305930651687252099e-04 1.018629012173646764e+00 -5.288787593559219147e+01
1.999000000000000000e+03 5.380351815587599162e+01 1.770872505056428054e+03 -4.719733196291742416e+01 -3.927158060130419778e-03 5.888834166360852303e-04 1.011995102603247432e+00 -5.327876226190142717e+01
2.000000000000000000e+03 4.507472076405030492e+01 1.774410497879626973e+03 -4.720372079852286618e+01 -3.308581925903404403e-03 5.849165709502514819e-03 1.004204233717274963e+00 -5.319905040168371357e+01
2.001000000000000000e+03 3.764049829070829389e+01 1.774266489480605060e+03 -4.720228241144541670e+01 2.303152417618904019e-03 8.906357342925210960e-03 1.006023551929962512e+00 -5.329543746000919668e+01
2.002000000000000000e+03 3.136423557243009697e+01 1.774031555199751210e+03 -4.720529011000562747e+01 -2.287837406412056383e-03 1.570648332868572776e-03 1.013591161895661230e+00 -5.325681459241016569e+01
2.003000000000000000e+03 2.615676463785499450e+01 1.774759399952963804e+03 -4.719180944348777729e+01 -4.595436177950116283e-04 1.091971787987076892e-02 1.016276449707113727e+00 -5.296136559121822529e+01
2.004000000000000000e+03 2.182710808013834125e+01 1.774203275571412632e+03 -4.718958780631632521e+01 3.866269510858914502e-03 2.813836617984505004e-02 1.015687682962252092e+00 -5.345294588328442131e+01
2.005000000000000000e+03 1.823041882048703854e+01 1.773527533378212866e+03 -4.720806577266234427e+01 1.991406818538538417e-03 2.036466209985767287e-02 1.020488581771414216e+00 -5.332574338974139039e+01
2.006000000000000000e+03 1.523552984762165075e+01 1.776014357905786710e+03 -4.721139345585400804e+01 4.264691322038812100e-04 1.549934817583366493e-02 1.029890675903318620e+00 -5.308513110532153689e+01
2.007000000000000000e+03 1.274251662030342658e+01 1.781598968416925118e+03 -4.719611805098922019e+01 3.193014443173587767e-03 1.186118523513384447e-02 1.033630089902561000e+00 -5.288287827642901107e+01
2.008000000000000000e+03 1.066424241410890872e+01 1.787118939905505158e+03 -4.719108279553907437e+01 1.239336122815958702e-02 8.868035113918518522e-03 1.026834445321489264e+00 -5.324630506072691816e+01
2.009000000000000000e+03 8.928990921709596407e+00 1.791694066209842276e+03 -4.724212169188057686e+01 1.598585598471323520e-03 1.822233164307886016e-03 1.023307237593101382e+00 -5.391976628004368877e+01
2.010000000000000000e+03 7.485155004406976786e+00 1.797872744089057733e+03 -4.730958769249571105e+01 -2.094191832244576487e-02 -4.201733931737183098e-03 1.032488045464341031e+00 -5.360288135179991542e+01
2.011000000000000000e+03 6.264032079136621078e+00 1.804462482856200722e+03 -4.734431842129882284e+01 1.291711995708711216e-02 4.375844776493649155e-03 1.042267100630426269e+00 -5.343524835472901202e+01
2.012000000000000000e+03 5.219762739645825711e+00 1.808103696702857633e+03 -4.735523062292179475e+01 2.835047939412416867e-02 7.974755410375887824e-03 1.036980348365780902e+00 -5.335775688922161919e+01
2.013000000000000000e+03 4.365812881599692830e+00 1.813743166237794185e+03 -4.736437833261175712e+01 -1.027697236042007800e-02 -1.356432267924693146e-02 1.021793187276913928e+00 -5.340586340740038906e+01
2.014000000000000000e+03 3.680193756262691629e+00 1.823869577803794527e+03 -4.736439641417877766e+01 -1.314940127530687085e-02 -1.314940127530816495e-02 1.011235393429546159e+00 -5.313972820160461907e+01
