1.992000000000000000e+03 1.343626118343884457e+02 1.749394520405800449e+03 -4.732922601835021226e+01 6.512448901262910331e-03 1.658778199393936073e-02 9.999999690126486485e-01 -5.300000000575910519e+01
1.993000000000000000e+03 1.282462229236321321e+02 1.751885811016654316e+03 -4.729318530030857204e+01 -4.838721982298926222e-02 -8.987400383087316633e-03 9.999999621800683691e-01 -5.300000000606075190e+01
1.994000000000000000e+03 1.175261383932322019e+02 1.753916814217703632e+03 -4.725980846951816261e+01 2.725649612027282453e-02 7.006593469170794425e-03 9.999999566419431885e-01 -5.300000000626536689e+01
1.995000000000000000e+03 1.052711813635399665e+02 1.753099038603813369e+03 -4.722437298113568716e+01 4.654047352528772191e-02 1.587429637437713301e-02 9.999999513548948338e-01 -5.300000000639726494e+01
1.996000000000000000e+03 9.215754141806071686e+01 1.754527520964295491e+03 -4.719768295513637923e+01 -4.814000550794303966e-03 -4.318397253901483032e-03 9.999999467796890640e-01 -5.300000000625837515e+01
1.997000000000000000e+03 7.852852531317827811e+01 1.759183486908460964e+03 -4.717988256048244722e+01 -1.550427341198976463e-03 -7.923065183162473980e-05 9.999999438463852419e-01 -5.300000000647320064e+01
1.998000000000000000e+03 6.581602384203064560e+01 1.761596471629736470e+03 -4.715895367361644475e+01 -2.060886994949421083e-03 4.913872044049616937e-03 9.999999421525093135e-01 -5.300000000708882197e+01
1.999000000000000000e+03 5.484288588372331930e+01 1.761554800466172310e+03 -4.713537545028933806e+01 -2.972784018216280931e-03 5.774486771867233872e-03 9.999999405162909305e-01 -5.300000000768678632e+01
2.000000000000000000e+03 4.567158435284958529e+01 1.759722615565816341e+03 -4.711089529319756508e+01 7.096918697124947849e-03 9.673971218690706128e-03 9.999999388418037150e-01 -5.300000000807813905e+01
2.001000000000000000e+03 3.797681576940225057e+01 1.757047833928191721e+03 -4.708787619907861455e+01 1.155323119188378335e-03 4.177094013188479942e-03 9.999999378090904667e-01 -5.300000000842219805e+01
2.002000000000000000e+03 3.162193277431639871e+01 1.756840113750281262e+03 -4.707268971197841978e+01 -6.618416987211391857e-03 -1.559932100741953610e-03 9.999999377492496677e-01 -5.300000000864313421e+01
2.003000000000000000e+03 2.636072617809197638e+01 1.757119625300965936e+03 -4.705997984775734011e+01 -1.226255732866751431e-04 6.761576030852593962e-03 9.999999387845873722e-01 -5.300000000880689299e+01
2.004000000000000000e+03 2.195940299173560462e+01 1.754978237111193039e+03 -4.704396106881669937e+01 6.922711967926882537e-03 1.477189126594510502e-02 9.999999411936394411e-01 -5.300000000902327457e+01
2.005000000000000000e+03 1.833238175278873427e+01 1.753329620258967680e+03 -4.703115745472641152e+01 6.761536840319382069e-03 8.424688090345236122e-03 9.999999450551979585e-01 -5.300000000875937189e+01
2.006000000000000000e+03 1.534339556839699981e+01 1.754896515261941886e+03 -4.702630235552896210e+01 4.441740837316237624e-03 3.063419119642424391e-03 9.999999505422115798e-01 -5.300000000859939320e+01
2.007000000000000000e+03 1.286552509606585382e+01 1.758965772938864802e+03 -4.702657375072394075e+01 3.932491236969535881e-04 -9.832091899068925913e-04 9.999999570744673161e-01 -5.300000000844984527e+01
2.008000000000000000e+03 1.079740289083422411e+01 1.763640863950258790e+03 -4.702732921159879709e+01 -2.243671938486741478e-03 -2.167357542567168675e-03 9.999999636855587681e-01 -5.300000000807037281e+01
2.009000000000000000e+03 9.053144921500352993e+00 1.767312411529677092e+03 -4.702533696648125527e+01 -4.858092891457510727e-03 -1.249674099730794900e-03 9.999999700068179509e-01 -5.300000000747950679e+01
2.010000000000000000e+03 7.570715877465595156e+00 1.768924104412668385e+03 -4.701902930512680001e+01 -5.841646749271410359e-03 7.820420624903553835e-04 9.999999755331481222e-01 -5.300000000672000766e+01
2.011000000000000000e+03 6.306360191349238420e+00 1.767683127321726033e+03 -4.700766100406828230e+01 7.793631101549172366e-03 3.831885282352377742e-03 9.999999791037497143e-01 -5.300000000539384359e+01
2.012000000000000000e+03 5.237644136688211383e+00 1.764723815771398222e+03 -4.699449692471724660e+01 1.017511348345181803e-02 2.631126233058823233e-03 9.999999797509181443e-01 -5.300000000371862541e+01
2.013000000000000000e+03 4.358995397746830314e+00 1.764672017940862133e+03 -4.698904607884624340e+01 -4.345551638040605173e-03 -5.537723824049706547e-03 9.999999775488344067e-01 -5.300000000239346321e+01
2.014000000000000000e+03 3.639727979683367476e+00 1.768172766228232149e+03 -4.699093278004440322e+01 -4.768688744036517387e-03 -4.768688744036512182e-03 9.999999755751809438e-01 -5.300000000083871043e+01
