1.992000000000000000e+03 1.306120700566648622e+02 1.747528053295885684e+03 -4.733129410035030560e+01 -9.735700353781018279e-03 1.253349977970608792e-02 1.000000018228548448e+00 -5.300000000636928377e+01
1.993000000000000000e+03 1.253030090100481573e+02 1.750631592023976282e+03 -4.729639051532696925e+01 -3.562344866874830873e-02 2.901108198578718905e-03 1.000000027563669791e+00 -5.300000000671489886e+01
1.994000000000000000e+03 1.149668868060647782e+02 1.752247154360583863e+03 -4.726201010907604427e+01 -1.695878524938621013e-02 1.092677844389583659e-02 1.000000036113916302e+00 -5.300000000695581548e+01
1.995000000000000000e+03 1.031025837400211174e+02 1.750714252582788504e+03 -4.722511723740741019e+01 4.589154897958933055e-02 2.908744603581044433e-02 1.000000042850605286e+00 -5.300000000711246884e+01
1.996000000000000000e+03 8.990261651478067506e+01 1.748567045451919512e+03 -4.719151978860403318e+01 7.008203316929655438e-03 3.668658741374663905e-03 1.000000047855122531e+00 -5.300000000693283653e+01
1.997000000000000000e+03 7.627474544878744211e+01 1.750554624527443593e+03 -4.717021080726535587e+01 -1.067419525107044008e-03 -1.735936576572585672e-03 1.000000051884753161e+00 -5.300000000712545756e+01
1.998000000000000000e+03 6.415804085304587545e+01 1.756484307645188665e+03 -4.715858302589015238e+01 1.277169414746405496e-03 -9.702945324580687560e-04 1.000000055310054980e+00 -5.300000000776749687e+01
1.999000000000000000e+03 5.380170852782873681e+01 1.762155760025053496e+03 -4.714680375124291345e+01 -3.533493316668292247e-03 -3.501003061025911763e-05 1.000000058102459288e+00 -5.300000000840942960e+01
2.000000000000000000e+03 4.507941431921959463e+01 1.765279219228982811e+03 -4.713058648178047605e+01 -2.577410502875047190e-03 4.463749663475672334e-03 1.000000060696380810e+00 -5.300000000890759111e+01
2.001000000000000000e+03 3.764997909862835002e+01 1.765353541839901709e+03 -4.710983253503442114e+01 1.407874744012839550e-03 7.544496726658918295e-03 1.000000063550699592e+00 -5.300000000939453315e+01
2.002000000000000000e+03 3.136606613599639104e+01 1.764043451257704419e+03 -4.708880570523754727e+01 -3.467798662586265603e-03 1.761260125718442770e-03 1.000000066495042139e+00 -5.300000000974880265e+01
2.003000000000000000e+03 2.614883676079031005e+01 1.762790758445147048e+03 -4.707039847300686830e+01 -7.692899499145824992e-05 1.161126767866398415e-02 1.000000068998007308e+00 -5.300000001002247529e+01
2.004000000000000000e+03 2.182046451427493494e+01 1.760769040367902562e+03 -4.705269276243251397e+01 6.225974809925149088e-03 2.753841909804678745e-02 1.000000070743164660e+00 -5.300000001032201169e+01
2.005000000000000000e+03 1.823297508738311734e+01 1.758679498087858519e+03 -4.703718750511476543e+01 3.498726958945305721e-03 1.888332585243576375e-02 1.000000071561578441e+00 -5.300000001008520201e+01
2.006000000000000000e+03 1.524074735887371901e+01 1.758014532691364366e+03 -4.702649802645375843e+01 -1.000673722593021977e-03 1.299728827168432875e-02 1.000000071333115637e+00 -5.300000000994386795e+01
2.007000000000000000e+03 1.274073117751640893e+01 1.758725450720776053e+03 -4.701975255239210583e+01 1.531170858021035995e-04 1.002105989473517193e-02 1.000000069586290508e+00 -5.300000000975268932e+01
2.008000000000000000e+03 1.065798591286604946e+01 1.760356307496448608e+03 -4.701543928710461273e+01 1.035260619542887131e-02 8.931795530532582461e-03 1.000000065972054708e+00 -5.300000000923299126e+01
2.009000000000000000e+03 8.927176384286966027e+00 1.763417551483826855e+03 -4.701418513989830217e+01 3.284453444038017405e-03 3.383941246522127484e-03 1.000000060881474528e+00 -5.300000000844840287e+01
2.010000000000000000e+03 7.488438773902245771e+00 1.767944361358377137e+03 -4.701542543983639177e+01 -1.667693097206563585e-02 -2.947880894844143607e-03 1.000000054448935138e+00 -5.300000000750226548e+01
2.011000000000000000e+03 6.266850331159676379e+00 1.770491540860551822e+03 -4.701186711106297622e+01 1.180036635229015328e-02 3.300414171529194272e-03 1.000000045716367802e+00 -5.300000000596538996e+01
2.012000000000000000e+03 5.220017091992389169e+00 1.769638297547835464e+03 -4.700185993070671486e+01 2.449905542696512867e-02 6.094574106738177496e-03 1.000000033946044642e+00 -5.300000000405724876e+01
2.013000000000000000e+03 4.365464934582524492e+00 1.773554001036608952e+03 -4.700271193951199677e+01 -9.664522805045537221e-03 -1.261621830393142539e-02 1.000000020311022420e+00 -5.300000000256932253e+01
2.014000000000000000e+03 3.680170460645246333e+00 1.784854065122017118e+03 -4.701683366540198961e+01 -1.180678199554393779e-02 -1.180678199554395340e-02 1.000000008480015579e+00 -5.300000000088567020e+01
