1.992000000000000000e+03 1.344102447181196851e+02 1.732667345657071564e+03 -4.735407748724828991e+01 1.027641646568078736e-03 4.362370602870290111e-03 9.984771332595350213e-01 -5.337628884503786963e+01
1.993000000000000000e+03 1.282951569470933180e+02 1.738145511209840151e+03 -4.735609597627743739e+01 -1.077694876883231526e-02 -1.598398824766896495e-03 1.009723901559631987e+00 -5.318502145064152131e+01
1.994000000000000000e+03 1.173774136647128898e+02 1.744301989333207075e+03 -4.731136689593995470e+01 7.014871110679081999e-03 2.517567432360935317e-03 1.021274182718066470e+00 -5.252914664586783289e+01
1.995000000000000000e+03 1.052825051148049056e+02 1.746820633050763945e+03 -4.727863601032589003e+01 1.036226964479462255e-02 5.046296152439534548e-03 1.017630878393242622e+00 -5.339264296913681562e+01
1.996000000000000000e+03 9.223722397836310449e+01 1.750068329163686940e+03 -4.728863594599319242e+01 -1.672998196022079404e-03 -8.345639153804048022e-04 1.006065131225868381e+00 -5.323465099980562343e+01
1.997000000000000000e+03 7.849087843831840416e+01 1.757783959023894568e+03 -4.724553254309904560e+01 -1.975321268043840693e-04 8.468054523079800589e-05 1.007754221713285325e+00 -5.237501567098379240e+01
1.998000000000000000e+03 6.580935464886785269e+01 1.765557012553065988e+03 -4.719473941106133452e+01 4.046467067785335819e-04 1.099983146762361719e-03 1.021911074584571200e+00 -5.296695053533062492e+01
1.999000000000000000e+03 5.485555674998506959e+01 1.770679234406107071e+03 -4.719986700471912400e+01 -5.370095506432419081e-04 6.530742754780296177e-04 1.026994544681782973e+00 -5.333155817656331976e+01
2.000000000000000000e+03 4.566381321756287548e+01 1.772579481435870548e+03 -4.720589288671683903e+01 7.374672158187914458e-04 1.235017993727885932e-03 1.019891707622137211e+00 -5.313295900079539535e+01
2.001000000000000000e+03 3.798151687841435376e+01 1.772811982287912087e+03 -4.720155645971190950e+01 3.210896557628458277e-05 7.239504697136082923e-04 1.015015697749320100e+00 -5.324074992999561573e+01
2.002000000000000000e+03 3.162506195652696306e+01 1.774944325983169847e+03 -4.720687304078730051e+01 -9.533287446082152868e-04 -7.115391757647125366e-05 1.016883024069660024e+00 -5.323758242606568558e+01
2.003000000000000000e+03 2.635629484825042823e+01 1.777089387813274925e+03 -4.719250085359038849e+01 4.305733035851471054e-04 1.215603610720642890e-03 1.017811468256992757e+00 -5.291397053531920847e+01
2.004000000000000000e+03 2.195671971718876847e+01 1.776165508243410159e+03 -4.718708959802919622e+01 1.255665320583520877e-03 2.192704264268334827e-03 1.015181634825066181e+00 -5.346133839743583138e+01
2.005000000000000000e+03 1.832773133044929992e+01 1.774908678879258332e+03 -4.720500111994685710e+01 5.887486334294181247e-04 9.762456220568708999e-04 1.012066110644707972e+00 -5.334823940503297024e+01
2.006000000000000000e+03 1.534219514813547924e+01 1.776812259084358857e+03 -4.721071487550943147e+01 2.789641880623495280e-04 3.618541252672382007e-04 1.011980011351960584e+00 -5.317824403492854657e+01
2.007000000000000000e+03 1.287107263337920848e+01 1.781815302817878546e+03 -4.719918161218805608e+01 1.648060141346037596e-04 4.570289328590613218e-05 1.014511837799235261e+00 -5.295057236012190316e+01
2.008000000000000000e+03 1.080324303331425284e+01 1.787816877385976795e+03 -4.719339382784770720e+01 4.840024857490339512e-05 -1.293391026312571334e-04 1.019310346936691314e+00 -5.321003377673727641e+01
2.009000000000000000e+03 9.054880159086380331e+00 1.793917742546354930e+03 -4.724268232140082802e+01 -5.545179621443072906e-04 -2.175637630540121919e-04 1.031476543106964572e+00 -5.387374789290855404e+01
2.010000000000000000e+03 7.569374939599638807e+00 1.800331376694220580e+03 -4.730751059577276152e+01 -1.075077458876977886e-03 -7.103547675318609667e-05 1.047125297328880489e+00 -5.354637503932635667e+01
2.011000000000000000e+03 6.304348004415542661e+00 1.805785737556762115e+03 -4.734036776434502514e+01 1.012746385864895290e-03 4.655338770455642286e-04 1.056274017612315763e+00 -5.343141922190919502e+01
2.012000000000000000e+03 5.236770542178631693e+00 1.809710724887921288e+03 -4.735528922279652875e+01 1.580343418975685204e-03 4.348178026279813789e-04 1.055801836700483776e+00 -5.334483196810624150e+01
2.013000000000000000e+03 4.358526031420277391e+00 1.815518514629266974e+03 -4.736741974050495685e+01 -6.256176408224611461e-04 -8.082246327255880342e-04 1.051591112247778348e+00 -5.336619616528138010e+01
2.014000000000000000e+03 3.639913088355127613e+00 1.823958799829345708e+03 -4.736687093294478501e+01 -7.304279676126203096e-04 -7.304279676125340071e-04 1.047856461777776582e+00 -5.310059659653265385e+01
