1.992000000000000000e+03 1.306114643572858256e+02 1.733751347023043309e+03 -4.735678955518341127e+01 -1.069121658060382014e-02 1.027450635984506963e-02 1.008477536581052991e+00 -5.334003981781809500e+01
1.993000000000000000e+03 1.253089091647856606e+02 1.740403556952125200e+03 -4.735750303597274780e+01 -3.492495908706549218e-02 4.650870125716859323e-03 1.012727810877414036e+00 -5.314052619139187073e+01
1.994000000000000000e+03 1.149674593512953606e+02 1.745351296762732773e+03 -4.731059208585619302e+01 -1.867978076546688779e-02 1.499146475954478072e-02 1.007550308172621145e+00 -5.259748630474459219e+01
1.995000000000000000e+03 1.031038548721147237e+02 1.747623734153484975e+03 -4.727796063202293908e+01 4.271956842824786021e-02 3.129963348933342826e-02 1.020945388425079647e+00 -5.334828266311020428e+01
1.996000000000000000e+03 8.989869669768397387e+01 1.750520315142907748e+03 -4.728909628516520058e+01 8.655780014285319526e-03 3.653047791085025156e-03 1.026192282650029597e+00 -5.326009982032686452e+01
1.997000000000000000e+03 7.626982855362639668e+01 1.752950693728532087e+03 -4.724246303686329895e+01 -5.106240592760159081e-05 -2.281558785902752101e-03 9.796616237124022852e-01 -5.247134670197917217e+01
1.998000000000000000e+03 6.416179087416043103e+01 1.762468793224847104e+03 -4.719792343221263309e+01 -7.388396356256671498e-04 -1.957576634630768010e-03 1.055658661708337442e+00 -5.287525358134270448e+01
1.999000000000000000e+03 5.380286600357238314e+01 1.772068447711102863e+03 -4.720303682454984795e+01 -4.586999478820484588e-03 5.681437603076212352e-04 9.931286439724428261e-01 -5.329427347660453762e+01
2.000000000000000000e+03 4.508139101021930628e+01 1.774097145176960566e+03 -4.720510325818205644e+01 -1.367597925401231032e-03 6.117658093026856828e-03 1.006549394342949766e+00 -5.320724512633989889e+01
2.001000000000000000e+03 3.764666010085531411e+01 1.773247619590166778e+03 -4.720020931459811919e+01 2.474289917570084325e-03 7.359015408718903341e-03 9.958848424685096123e-01 -5.327326055436743246e+01
2.002000000000000000e+03 3.135848785323667443e+01 1.773311239294925826e+03 -4.720189811414255132e+01 -2.587352103144031305e-03 5.300494664827982375e-04 1.028327016126590721e+00 -5.322479160219884164e+01
2.003000000000000000e+03 2.615191070320208411e+01 1.776003312870902619e+03 -4.719384309112528797e+01 -1.448087201230447048e-03 9.738797710054505202e-03 1.020897688988193774e+00 -5.297238502813661398e+01
2.004000000000000000e+03 2.182724156225213719e+01 1.774569016544222904e+03 -4.718773792112573773e+01 3.020114144249564508e-03 2.585469881261195230e-02 1.002357297406100800e+00 -5.343746205483046197e+01
2.005000000000000000e+03 1.823365642790215091e+01 1.774196564549277582e+03 -4.720873884303211554e+01 3.172982548067580441e-03 1.934214969060812223e-02 1.034927602482599740e+00 -5.336485754361874712e+01
2.006000000000000000e+03 1.523692072182526047e+01 1.774787585317998037e+03 -4.721019115310587466e+01 2.252586486355197867e-03 1.436426805596885056e-02 9.986533336487873891e-01 -5.311960974889740328e+01
2.007000000000000000e+03 1.273955771603702480e+01 1.781029620868888514e+03 -4.719683586444401158e+01 2.760443261849411956e-03 9.901238561884377273e-03 1.071699082226812427e+00 -5.284136840901643239e+01
2.008000000000000000e+03 1.066100200600844872e+01 1.788268745885286535e+03 -4.719215154382516886e+01 8.385811832990325981e-03 6.854225423980063979e-03 1.008083261809503917e+00 -5.321659605445672270e+01
2.009000000000000000e+03 8.927837877600317995e+00 1.792437256761333856e+03 -4.724287619722744580e+01 -3.840168725888107684e-04 1.807517174054443189e-03 1.037228815911673374e+00 -5.395651834229175847e+01
2.010000000000000000e+03 7.486759217112967768e+00 1.796765243551763660e+03 -4.730806983014757350e+01 -1.690579556245952811e-02 -2.117696351658466744e-03 9.970662808301817837e-01 -5.364960716951416941e+01
2.011000000000000000e+03 6.267232694217482525e+00 1.803217215891442947e+03 -4.734292285116370635e+01 1.356137000579360832e-02 4.951654940235912343e-03 1.068859048519506194e+00 -5.340899056581904603e+01
2.012000000000000000e+03 5.220223364219420681e+00 1.809192905752513980e+03 -4.735793251251707403e+01 2.502761646944807322e-02 6.523334848347013722e-03 1.037228898036771207e+00 -5.331886974248956079e+01
2.013000000000000000e+03 4.365670871330385339e+00 1.814453123848193627e+03 -4.736473017170573030e+01 -9.839172858886522863e-03 -1.280123225698732298e-02 1.019806991782411965e+00 -5.342622684992004167e+01
2.014000000000000000e+03 3.680060383978706717e+00 1.823333992217382274e+03 -4.736308753871954025e+01 -1.184823759240329760e-02 -1.184823759240332362e-02 1.000863444719506834e+00 -5.316147069019039151e+01
