1.992000000000000000e+03 1.320104131423023546e+02 1.733524958771378124e+03 -4.735669961628475022e+01 5.596623692608698741e-02 1.000945306315731281e-01 1.031579401278901464e+00 -5.318431158784597557e+01
1.993000000000000000e+03 1.248059855500759312e+02 1.740834954192587702e+03 -4.734913978604160434e+01 -4.956361079998326119e-02 -2.017239522997639825e-02 1.033645857986714711e+00 -5.304169675504954995e+01
1.994000000000000000e+03 1.147932092131339772e+02 1.745073587934328771e+03 -4.731248610621252482e+01 -8.144792413837321273e-04 3.173016130397763451e-02 1.009539746759459344e+00 -5.283512069442419801e+01
1.995000000000000000e+03 1.031575617055006120e+02 1.747521116041526511e+03 -4.728261236599906425e+01 1.120415732013999577e-01 7.853710265810773250e-02 1.019646426199142919e+00 -5.316587437519581982e+01
1.996000000000000000e+03 8.983704725958133963e+01 1.750737723566552177e+03 -4.727318618285247709e+01 4.294998972603848025e-02 2.196317058483016407e-02 1.020334156836383732e+00 -5.310112988904269571e+01
1.997000000000000000e+03 7.638664515637445618e+01 1.753331039870268796e+03 -4.723522993031259176e+01 1.512545144897848616e-02 1.314176114271325274e-02 1.017132600749602211e+00 -5.269314965190608291e+01
1.998000000000000000e+03 6.419765925091243730e+01 1.762128388932188500e+03 -4.720757899155869808e+01 -2.233817651526666045e-02 1.413871285711476751e-02 1.084397205235795303e+00 -5.285871346716741925e+01
1.999000000000000000e+03 5.366786773249071274e+01 1.771812817845392374e+03 -4.720986861853815242e+01 -4.260228932027290694e-02 4.229094210747880861e-02 1.038753851936466743e+00 -5.312277067335435987e+01
2.000000000000000000e+03 4.491340338201309379e+01 1.774067262107778788e+03 -4.720705245582834664e+01 -2.324675640042402416e-02 9.413629524239423840e-02 1.019854796936928931e+00 -5.316931055949203255e+01
2.001000000000000000e+03 3.757056561883733536e+01 1.773119654531703645e+03 -4.719969305087224143e+01 9.529493903826251680e-03 9.994400368603496843e-02 1.008816603400495726e+00 -5.321409254739750594e+01
2.002000000000000000e+03 3.142027522392287153e+01 1.773656215716830957e+03 -4.719877551268447746e+01 1.833307927771311852e-02 1.257684421028593125e-01 1.032964629305360926e+00 -5.318265117604214964e+01
2.003000000000000000e+03 2.622841773731427040e+01 1.775531908161974116e+03 -4.719608866434433025e+01 2.286625935030871248e-02 1.686058158824531861e-01 1.023717001349454758e+00 -5.311131149076530988e+01
2.004000000000000000e+03 2.187156787608984487e+01 1.774746524006455502e+03 -4.719279791890929232e+01 3.503587842994276835e-02 1.982209557622190421e-01 1.008373196916033665e+00 -5.331122915339847879e+01
2.005000000000000000e+03 1.828766170638363420e+01 1.774156883618030633e+03 -4.720071732311392765e+01 3.655322968163848135e-02 1.413643197967253962e-01 1.024089928576452424e+00 -5.329127341744732860e+01
2.006000000000000000e+03 1.528323055575789091e+01 1.775173962044181508e+03 -4.720074248069450107e+01 3.135596813257940374e-02 9.352911877785489991e-02 1.024279141851597519e+00 -5.310326343923865977e+01
2.007000000000000000e+03 1.276512588850212637e+01 1.780873705023695948e+03 -4.719750770807296192e+01 2.740435042084982814e-02 5.379857287770270502e-02 1.071502218172160070e+00 -5.297711717604936155e+01
2.008000000000000000e+03 1.067480823953309077e+01 1.787845320833561800e+03 -4.720611250526751945e+01 3.110181636138044728e-02 2.456752608853977199e-02 1.045335753251508626e+00 -5.323330460530750941e+01
2.009000000000000000e+03 8.935487223904420517e+00 1.792207887409755585e+03 -4.724407903571314904e+01 1.985585650254086121e-02 -1.041094559213244508e-03 1.052401107366844002e+00 -5.363004064803722315e+01
2.010000000000000000e+03 7.483308080407919505e+00 1.796965431150145378e+03 -4.729730145034049826e+01 7.998466971372162476e-03 -2.022396497881295135e-02 1.054451083532306654e+00 -5.356244561013845384e+01
2.011000000000000000e+03 6.262711248806968278e+00 1.803399188626166506e+03 -4.733603665947006078e+01 5.649386919654635075e-02 -2.579903893625260652e-02 1.074396028386428226e+00 -5.339594820440607492e+01
2.012000000000000000e+03 5.236023218019081327e+00 1.809160590722598272e+03 -4.735136182235388702e+01 2.636471937423542564e-02 -4.204357666691255907e-02 1.055918261817885284e+00 -5.327670038054110790e+01
2.013000000000000000e+03 4.379979189521383098e+00 1.814901514003383909e+03 -4.735579411220059143e+01 -6.187852184913044534e-02 -7.165181395599809488e-02 1.079848669982077958e+00 -5.323651359576253839e+01
2.014000000000000000e+03 3.661004583387049482e+00 1.823182641255941235e+03 -4.735572930411835557e+01 -3.909316842746979326e-02 -3.909316842746964060e-02 1.088521182077913041e+00 -5.308331238192898383e+01
